user_id	movie_id	rating	timestamp
133	85	4.0348173363459106	789064093
90	70	2.4291475813155614	789311586
102	49	2.4486900883606557	789609178
53	3	3.9620608932518966	789846652
99	82	1.6793966994514828	789906338
67	99	2.8932997052347034	789997437
73	11	3.807612668189196	790085898
132	21	3.9283166923752377	790166152
47	62	3.419400250703239	790298588
9	88	4.487334516589102	790339054
90	21	2.3523086101843327	790379833
20	56	4.03335924470545	790459110
151	41	4.257921849923619	791255580
179	24	1.985529690819233	791418520
112	35	3.1429707991933906	791488748
109	55	3.623078201656181	791562446
76	13	3.2559195263257985	791579291
13	82	4.083544303011887	791613545
17	21	2.3517367112473817	791682179
84	73	4.402277173786647	791709738
101	25	3.4685608296252237	791861009
166	9	3.123699275075004	791950263
133	85	3.3094968940021885	792129769
189	21	1.9672994401100692	792193472
47	17	2.551083479175163	792445510
1	30	3.261889563687946	792531314
179	47	4.104515326355367	792579706
121	4	2.601215951676872	792669931
67	100	2.5354622050898086	792683393
11	47	2.512126659099251	792925724
76	51	5.0	793089764
12	68	3.3154746423441503	793386201
137	36	5.0	793448343
177	97	4.354525227066616	793686426
45	87	3.10377032189824	793804602
144	20	5.0	793912299
172	99	1.7239882459515978	794031450
29	92	4.478889558556779	794038041
45	42	2.7853193230095683	794198556
33	27	5.0	794327192
17	86	2.424687606950762	794364742
89	70	4.62543478441477	795031500
154	53	4.268839675968897	795053078
137	31	5.0	795795437
157	15	3.169210775672443	795949801
39	37	3.0875861817835197	796216281
10	21	4.415390275560162	796448977
179	23	3.1149781882871364	796522723
147	15	2.051408585366456	796626090
152	60	3.999685110302934	796641447
95	21	3.199140252859174	796657072
147	83	4.455300558237753	796660637
99	84	2.674589470021045	796678404
98	77	4.928857707813568	796736841
142	77	3.2514713819255507	796790677
77	84	3.4434115111001042	796947998
142	81	3.8700611152689555	796962132
63	50	2.664857098369977	797273825
45	3	3.7257615231117542	797500699
94	5	3.2933887203039536	797541441
36	27	2.262337577672702	797836962
188	87	3.3057308680214805	797982907
81	60	4.151521991339505	798025738
19	82	2.648593565739686	798056219
187	69	4.831339061988404	798126601
90	11	2.8722660939154943	798299214
130	94	4.215381315441244	798374987
123	63	1.9649597524676403	798474221
40	74	3.130792799552554	798838626
57	57	4.691707497107065	798857539
86	99	2.1006938251980585	798894522
165	55	3.5239030432849554	798897354
163	80	3.3037193486120633	798993098
125	74	4.828640828248231	799005027
171	82	2.020555776860276	799233671
55	76	3.540919175395721	799517928
93	3	4.115771149771142	799786348
36	24	3.163745261318928	800214666
49	33	4.311396554491592	800481217
22	50	4.535249334723753	800549800
48	50	1.9018756481162524	800727006
131	34	5.0	800730384
120	43	2.58367908092658	800873202
145	52	2.8626922529712053	800995198
178	95	3.087002177856566	801104928
12	2	2.661414201552769	801148193
136	88	2.076317363116077	801218459
99	59	1.796128413173281	801268651
118	86	4.168654804757907	801710436
184	78	3.435811822891502	801934171
115	6	3.6680598059668204	801991170
101	23	3.0205070326007566	802313737
132	87	5.0	802376896
29	47	2.1578722515148847	802572824
38	44	3.640359869848047	802657612
1	43	2.402631681028933	802667287
123	34	4.413771621385585	802690637
173	30	3.8215932113392386	802749953
165	99	4.976934426118275	803158840
9	93	2.604930157723395	803294153
10	67	3.0918991608397794	803306210
7	82	4.581766727672829	803432818
60	62	3.2210370696681916	803551187
3	82	4.718970789793663	803846005
108	40	3.337207093927706	803960116
104	57	4.0027448074908145	803967525
54	34	4.680640912452144	804008807
188	47	4.739584006441562	804699030
161	50	3.1403703275475374	804820124
18	87	2.4736307923341077	804824169
98	91	2.872686554048697	804893262
186	85	3.833859966568535	804896442
61	87	3.0483405238403773	804955878
132	38	4.385231482988991	805009584
65	16	4.244185710315034	805102691
76	66	3.08777925497553	805369361
92	5	3.938475738809727	805552356
63	15	5.0	805679880
53	53	3.918205755887972	805724708
46	5	2.0931849905024618	805729350
180	6	4.778865813313393	805747682
15	60	4.085904201164649	805908915
173	70	3.351030690232703	805926212
4	99	2.2004187630724026	806032780
31	92	1.6688551216616498	806377962
27	74	3.9724062778803773	806404285
127	14	4.106850593215671	806468454
45	61	3.5600859946151635	806554427
186	81	4.192918623031611	806668831
187	70	4.03450564848055	807059480
90	13	4.168340488718081	807211335
141	84	2.4078363672819103	807315430
33	30	2.5745753739404127	807491834
26	20	5.0	807733014
126	57	3.8341764172448976	807786441
11	45	5.0	807918110
60	8	4.390383163519786	808258304
154	35	2.388542043062968	808835398
45	18	2.9208758903642535	808940187
31	32	3.7981584659905256	808949123
78	12	2.911133173261304	809034285
143	33	5.0	809313929
170	81	3.8868085206892027	809652174
140	4	4.390247500836509	809779117
115	31	4.232492102779802	809828059
120	41	3.3762673199002435	809845186
153	4	5.0	810103516
98	97	3.957686586053552	810473446
34	52	4.358451116656665	810794523
86	46	3.7290746882057024	810889567
130	12	4.2356219972457465	811057820
55	22	3.226006918170696	811145220
92	69	3.4929550145194455	811759005
92	72	3.543514668643466	811769493
72	21	3.0498107351485886	811909910
60	40	3.5124993219072502	811912247
88	69	4.539111787420269	811961992
130	78	3.440584818727506	812332009
110	75	3.5728740980155154	812781373
187	24	3.9447738078315946	813117860
156	5	2.2967991446108558	813121803
144	87	1.9230035178090028	813254628
170	20	3.270451344639653	813282160
37	50	3.6450637459593818	814107219
145	17	3.102320306385396	814140796
189	100	2.8111144574245945	814177700
158	24	1.6538121377619062	814217338
160	2	4.072057441714144	814369515
81	16	5.0	814880135
115	78	3.5819955564135606	814900341
15	51	2.4849058081721314	814940007
28	49	4.411362722174721	815190847
137	19	2.8878330828451793	815288880
130	9	3.0355957376906124	815477712
140	64	3.707802507353313	815495970
164	84	2.2608929243460993	815513832
82	38	5.0	815764888
176	59	3.3779428678787227	815796579
9	100	4.862562852712452	815966158
173	11	5.0	816020046
22	48	3.769294752580734	816217445
170	69	3.393662997468685	816450585
161	13	4.117005949576697	816459387
188	70	3.746504778432005	816462166
104	48	4.749618905296667	817003921
78	4	1.8695267562848599	817026274
103	8	5.0	817417015
138	60	3.0569559788715175	817465113
186	68	2.5048515181466207	817733208
6	96	3.6398872328391274	817735646
115	44	4.572978047766012	817790953
84	72	2.104210797807515	818077911
48	15	2.1739523139179617	818109353
118	11	1.9513817011362533	818153529
117	9	1.3476164553908196	818253210
159	21	3.303533416571903	818299183
120	32	3.909762795959497	818468465
164	67	4.315501022444263	818615025
129	99	3.5771564962177167	818668975
5	23	3.3196083182375924	818672450
133	72	1.4158870605014116	818878177
16	26	3.2829829495756297	818981551
86	15	2.094810153196425	819167471
47	31	1.5877450245802232	819214594
145	17	2.6396149892204983	819377494
53	21	3.0499871420041864	819499103
187	66	3.3168495289467055	819509006
152	44	4.952467534470745	819554009
52	72	3.0299578522404986	819593398
46	36	5.0	819637518
168	78	2.919351697446049	819866793
124	59	3.998221748496785	820499457
138	19	4.4778155496862	820520058
37	89	2.8926455667877886	820543653
5	4	4.972670675750982	820657184
6	15	4.517661466843503	820666376
1	25	4.1464895377257704	820740619
47	49	4.379417041137403	820878074
111	66	2.7690437242845265	820972329
161	57	1.5488981359613752	821004615
122	85	4.055512646342248	821041407
24	1	5.0	821063913
70	15	5.0	821626534
116	5	4.90159859294643	821697582
168	20	2.583725899436275	822213660
109	100	2.003470744909921	822275873
6	100	4.697246923645228	822326776
57	91	4.950927548279212	822518639
102	58	4.374517074132522	822562575
132	54	2.7811676123912696	822861574
71	53	3.9663583744463344	823057774
111	78	3.406363811260829	823643765
58	30	2.733343412216652	823740465
157	67	3.8011073391917423	824045564
160	75	2.5141961913321733	824107293
97	16	2.8934966117842604	824252304
49	44	3.1128693502104854	824499014
155	53	3.383770956878042	824568469
168	36	2.882746813453077	824681809
104	37	3.6647608412365167	824757630
42	93	1.0067291796699225	824804959
184	39	2.547683619261203	824943978
58	1	3.9715423804182057	824964553
106	65	3.2450442064463023	825066281
117	23	3.4353113949674814	825335582
98	69	3.5394470482407394	825406643
118	75	4.418454443942414	825572666
88	33	4.5613709648731335	825671579
153	45	3.464992389993764	825893935
69	98	4.2505791675217655	825936726
35	68	3.477699716281947	826215681
161	89	3.8764095260975164	826265924
11	8	2.0640904761314722	826306370
100	73	5.0	826310310
87	78	1.7741932712094033	826331636
98	13	4.997431683179626	826516896
19	72	3.2573187231879666	826595822
100	87	3.3522196811825284	826616235
111	55	2.9533199154127345	826620245
185	93	2.1097780748465373	826642327
187	44	2.4141748711148145	826681526
120	49	3.016438516153463	827006742
176	3	2.114012057601002	827080287
7	73	5.0	827345523
59	54	3.079238206318947	827397206
71	52	1.399973492348376	827408203
146	65	2.4833168714235025	827473570
59	34	3.4777210208162868	827655022
168	16	2.916400673653995	827680020
129	30	3.54977368718096	827946938
9	68	4.775390737999015	827994812
99	35	3.771495310825648	828154700
111	19	2.5399537047205363	828251560
76	52	2.324405394375148	828599496
14	20	5.0	829048105
45	66	2.815370174239996	829434680
22	30	2.885877434991684	829758712
129	21	3.9577728661518856	829788496
143	86	2.805399630836855	829807123
42	26	3.499291405423354	829906808
188	60	1.9462412339839357	829963123
3	70	3.3108796092229666	830392542
136	89	4.33019181186261	830691555
141	93	3.698680009547407	830985102
174	75	3.368527404328332	831127416
85	79	3.468941067129098	831566264
63	99	5.0	831735946
39	7	4.590861670603698	831775657
182	27	3.1219921009817826	831912781
58	93	4.204506539824723	832017983
68	35	3.003067974882022	832069842
126	65	4.475816719344709	832074420
48	67	2.2542826235536157	832117413
49	82	2.290523064581195	832323857
154	93	4.886349397262843	832359558
53	2	4.122207144043402	832894063
119	97	3.5720368612837445	833006191
46	48	2.377455193755586	833277778
62	21	3.515618333949603	833599408
27	47	3.045452281256556	833705957
184	96	3.5341524174880248	833844325
30	13	4.186318456956701	834072352
20	51	4.395355430762599	834102587
32	76	2.5202787752831934	834237336
10	64	2.7432360229840738	834241035
110	95	5.0	834270853
57	93	3.5300314791640823	834559365
104	41	3.1304730711666413	834582480
34	91	3.0826331863949155	834709033
83	32	2.3322204487320652	834709884
138	7	2.636117039410234	834767859
173	32	4.369156064389273	834912247
6	30	3.256616020624982	835071477
113	16	4.075205016106566	835515566
13	80	4.244191971499937	835779789
32	13	3.7327867429401635	835828527
105	34	2.184184183572493	836188753
33	83	3.8883120054234497	836220394
15	42	4.450015828669645	836284965
123	50	3.1425545771895727	836381803
133	8	3.3271982626035355	836404562
160	77	3.9209729443893897	836566011
41	32	1.4179012968110127	836616765
169	21	2.951712703509399	837398743
103	52	2.3765059667604023	837619412
128	67	3.37234531848181	837744189
185	39	3.5469349020603698	837869501
133	46	1.1838561370311234	838149732
152	91	4.461987189071841	838420660
166	43	1.261768766675028	838720425
89	52	3.5549341109998487	839154244
28	15	3.0421516138175106	839691216
18	3	4.46030479628147	839774706
75	73	3.6058944531152344	839985101
74	13	1.623447293958126	840105743
151	11	4.458385819842042	840176145
90	28	4.165416823691778	840194401
3	52	3.008846252857895	840641586
155	32	2.997025229448657	840684778
45	60	4.705994516546816	840826893
25	17	1.9321405746345441	840838452
164	10	2.2038833357501053	841014736
7	42	4.0055892418358745	841263386
132	67	4.2846042878980235	841416402
130	68	4.397066196887132	841433573
72	12	3.786955854301709	841514767
134	42	3.460980480622456	841577137
7	76	4.811983738573947	841636197
54	29	2.6133190777165427	841755748
79	40	4.404017554761315	841761011
145	4	3.0757636666019565	842009422
27	72	4.870536143996714	842186646
103	98	4.42165011192446	842281349
14	1	3.7243396567780827	842355051
153	98	5.0	842367221
152	31	4.183569323200477	842541114
1	95	4.053040085852358	842751709
88	4	5.0	842939686
128	7	3.1659227690200593	843019532
35	5	3.519147777415752	843100452
188	60	3.948635764514527	843140750
182	21	2.562074423463601	843334505
84	20	2.793107432012651	843445079
113	65	4.735782191822154	843554436
4	21	4.333333911780307	843610914
105	9	2.6906191789172462	843986960
28	52	4.097228218253385	844045865
9	4	3.9920188479927994	844164053
21	14	4.317889658025028	844635957
116	81	4.796063061781396	845004116
164	75	3.9875602970867186	845096684
163	37	2.338216156087636	845397449
137	30	4.984116028535965	845568547
8	19	4.690548594343596	845716828
105	34	5.0	845871826
61	65	4.718194711754256	845922076
94	31	3.7043890316029766	845960708
127	4	3.528457581183159	845969190
36	41	4.221479323757343	846256499
79	92	4.31079864559171	846460595
99	59	4.563940987560856	846959067
1	61	4.239653151724672	846977208
121	90	4.4134737320174064	847043452
144	43	5.0	847121538
83	9	4.187065795858916	847326866
32	82	2.974120324104796	847462851
24	41	3.944198327290672	847510816
104	68	4.278936503512114	847594902
38	47	4.918531345148036	847641941
88	25	3.908052846836756	847650992
92	19	4.103247500571394	847959236
154	51	3.949473912832307	847984885
120	39	4.559936384046622	848053283
64	14	3.962483624066854	848425574
128	88	3.760280506582886	848431611
99	52	4.349102110743144	848474658
113	56	3.761250531233856	848856589
168	16	4.744679580736786	848889125
161	86	3.6600182258527876	848914776
65	8	2.7367138958214183	849050566
112	36	2.470628491817928	849100315
66	70	2.1283263027695343	849110273
75	63	3.583826627929361	849148295
136	42	2.5362410737893892	849399782
39	51	3.9643698635465743	849458489
93	6	2.122382499245763	849511164
24	25	4.022514105265757	849892496
143	26	4.072390311175676	849914814
116	19	2.16968637426101	849943945
23	6	2.6046536776369758	850022974
86	39	4.015294321624467	850128569
161	87	4.070507208354516	850316962
6	72	5.0	850335367
169	50	3.048841141591001	850346490
124	92	4.051476275239523	850420116
4	54	3.2114513041242954	850649754
17	46	1.7068935474654232	850657721
18	100	2.369796275326076	850722018
36	19	4.182069490062632	850914850
131	75	3.0211625439915957	850981670
164	17	4.0720062783004725	850991133
136	89	3.6517579922487404	851150762
143	34	4.855442801105496	851264269
110	47	2.6627375689502997	851460803
130	75	4.079857285295132	851488637
133	58	1.9644278767928942	851827351
43	98	4.119711445966137	852021634
6	12	4.070612997219531	852381872
61	28	3.1648622188285485	852416207
154	12	1.7523634901717384	852640234
84	22	1.5245122287828625	853439716
141	44	3.937313187038961	853546003
124	84	4.048883835317365	853829326
133	92	3.5184016307834383	853982239
52	15	3.9215866106144555	854060305
27	40	5.0	854076227
17	25	2.2771049804444363	854168523
13	74	3.895819781095923	854324395
158	28	4.899594645145793	854367471
164	85	2.5083033365596896	854579474
179	77	3.792192728326373	854612283
86	69	2.595931710264	854676889
64	56	2.4978125442185273	854701383
48	86	3.8220823107669855	854742114
188	8	4.17286123596682	854978184
180	15	3.9042947549616978	855236760
53	71	1.537374308327421	855263936
19	49	3.3965687757097163	855521744
44	86	5.0	855676664
116	16	3.168691616816677	855737760
146	99	3.7531652380379814	855885170
45	29	4.125508016831036	856287366
113	25	5.0	856321622
53	99	3.5795978623760365	856331807
44	8	2.8646376111743708	856916958
106	70	1.6420985486017128	857001567
71	53	2.850626961678574	857072797
37	71	3.8405892164004967	857283223
101	48	4.570610559979186	857295446
147	1	2.6956842403400074	857525711
103	22	3.3126709815936253	857730992
176	26	2.7415046652999306	857744619
2	20	3.872105472606863	858007689
149	77	2.74171793111241	858073254
39	40	5.0	858101542
15	56	4.03629090951719	858173241
151	68	3.4338673853741777	858239556
64	70	4.7005316584738726	858632166
135	85	4.776965386088188	858684567
86	68	4.881454078690487	858692185
37	38	2.674346317197858	858986227
121	84	2.665676954508418	859146595
1	59	3.9148655003619104	859285247
85	45	4.069760357198647	860288927
15	73	2.23983523482742	860474585
166	30	3.6412571400874634	860522157
110	44	2.964198536947702	860953886
188	57	1.9688924974442779	861050462
59	61	2.668045082505549	861283847
110	39	1.8126556528892896	861387942
146	16	3.8687331473175197	861558316
131	39	4.214609790636618	861800228
24	41	1.6562064165192543	861959836
171	65	1.2831811606459356	862185646
177	94	3.9215460835365614	862499300
90	16	3.186470313827602	862551631
166	63	2.0009840395415988	862642643
98	19	2.5066413004180492	862666048
41	1	2.787779236350949	862711865
139	15	4.536087651046256	862954680
42	33	1.0	863043875
131	93	3.418477326898354	863079778
180	19	3.770057358391422	863101797
152	28	3.716624975404619	863131891
166	96	5.0	863169991
3	64	1.8451125637717039	863947601
12	11	2.4674760964724607	864072655
38	85	2.7198008708825374	864196447
37	58	3.960271624982304	864507551
64	76	3.8017000089017357	864703778
175	55	4.67171791471616	864803774
47	8	3.6950249840281266	864810670
148	40	2.667938695150143	864998805
53	80	4.313205186747977	865216853
9	93	4.04711911517521	865271825
147	73	1.0	865307127
116	25	4.014254756017835	865336503
35	83	5.0	865397143
62	76	2.428946320350951	865430263
80	31	3.22000669812552	865565999
180	14	3.2653794300425862	865696768
54	72	3.962591292853951	865838405
105	23	2.5176964196226854	865981921
41	73	2.6515713658091853	866216072
115	27	3.8584536182096203	866293759
164	92	2.764696539318048	866352385
123	10	4.694762861876938	866430473
140	16	5.0	866489762
152	57	3.92548993324023	866493910
87	77	2.7909790423695098	866576103
140	97	2.3691115646740846	866676028
141	7	4.0107920885275945	866716329
171	54	3.5580227348083953	866842987
145	52	4.6535903433169254	867111435
53	15	2.2154157343000307	867303097
20	21	4.387290837266742	867429209
116	45	2.6846243716838787	867461343
128	77	4.084412980472484	867535584
161	65	2.7683682610914717	867596735
47	54	4.275155494034783	867797451
113	49	4.058139514518507	868070122
37	55	2.5100422074479862	868396399
130	97	3.134494063014734	868418134
92	23	2.986803635486604	868509441
2	36	4.00066572138121	868567546
62	74	3.8326075103241974	868800219
72	75	3.2694753748197494	868896629
79	39	1.3694335201927994	869319339
143	58	5.0	869439777
50	28	2.03247473424756	869471107
25	33	1.592192442122609	869908247
131	47	4.104120889588518	869928109
148	21	2.9690291021880357	869955704
17	96	3.8295087355730093	869990855
5	55	4.290371896051711	870127483
137	13	5.0	870237184
114	47	4.178931290059278	870407046
39	94	4.50713333647316	870536612
171	76	2.554493120057269	870553684
145	60	4.433128072341069	870615965
189	15	3.500527958856597	870785340
74	99	2.9301670717612414	870948863
89	42	3.5176132519336574	870985515
151	86	3.8496500472996935	871243840
144	90	3.5980675395389445	871337696
150	50	3.5726805243293414	871340947
97	86	2.3032113535736887	871411725
78	67	2.535294574249285	871437679
163	39	4.256788679986982	871553662
91	19	4.888337778208448	871862996
135	45	4.574318012715562	872317573
125	95	2.66307929620372	872397457
120	92	4.846225756202748	872410191
170	92	4.507513689836922	872447161
116	71	2.1340442887994655	872581758
18	85	4.0646059258936	872606085
81	38	3.304609648822976	872889875
85	98	3.2211166058492435	873228670
86	75	2.2582394245183757	873320874
67	98	5.0	873464981
8	90	2.1028818148870085	873664214
74	66	1.6199899660922363	873711633
14	70	2.829884799545767	873733570
6	10	2.369930660959642	874701479
129	78	2.5755340118704457	874908897
174	45	2.1877808065685937	875146574
134	10	2.4503445010900586	875313443
133	11	2.740296882519713	875396920
55	90	2.9134687304360645	875462365
148	22	5.0	875653575
124	54	3.5071784669079418	875784198
186	76	3.395657207013108	875800265
6	77	4.7002617497388295	875814006
117	8	2.1632745611240694	875838412
94	70	4.200700612120584	876207689
8	74	2.05035478030147	876614177
63	22	3.2702003694248063	877031714
80	9	5.0	877039520
166	61	3.643388467342251	877204611
61	83	4.779518669760159	877377010
154	50	4.3764556455029355	877517777
40	37	2.151952888059833	877753811
11	13	5.0	877937408
36	42	2.9076440443479465	878321305
134	21	3.64358793650516	878606679
39	48	3.0146941646321315	878622156
145	53	4.9313667818311835	878803024
75	8	2.9494631505084166	879152052
37	84	5.0	879271231
154	39	4.140542935074773	879346704
56	36	2.950459725404465	879527480
158	22	5.0	879723699
145	88	1.7481711932482809	879756220
174	82	2.790211007766465	879858858
125	62	3.9809080927488956	880215305
100	88	3.585687161403359	880443857
47	47	3.1281421177213344	880680855
109	17	4.468184660532861	880862387
155	66	4.0731278132412	880963261
77	60	4.692735165416415	881145699
29	19	3.1416598479787776	881479188
37	2	4.4413105807674835	881649192
68	20	4.0565531245337585	881725337
74	90	3.365503215598267	881752207
144	82	3.503375506597161	881885377
90	21	5.0	881965379
119	9	4.340734482129549	882119590
108	30	4.637314542364729	882169866
181	51	3.3409547895999485	882194763
3	32	5.0	882262722
153	49	3.739404500535377	882502840
142	38	4.852202678867144	882681292
180	94	3.036838637914601	882703487
86	69	4.919603004513637	882749320
149	26	4.670198709196604	883329579
128	75	2.9416982460539693	884060631
21	72	3.163613054588864	884556800
169	53	3.488907996051398	884762287
101	78	3.755383755674317	884877120
33	49	3.5327969954115863	885541454
158	27	1.957198484790354	885640165
64	81	4.653900734255747	885693996
8	88	4.966540859278603	886454775
40	93	2.2116923825364623	886500308
81	75	3.9164460381014528	887015812
21	64	3.9535087125544672	887068868
15	18	4.703884437168816	887523692
84	25	4.723568882418627	887532323
154	24	4.043479378670093	887832836
55	38	2.9823074271307854	887959312
109	91	2.8644421585955966	888331622
131	86	3.6577614392937696	888381260
83	41	1.3727725796485046	888422871
68	92	5.0	888806240
45	68	1.7289314469119088	888932088
140	2	2.839678860526553	888980541
82	45	1.7926420424070533	889740694
12	79	3.522630852676869	889758912
152	70	3.6569729609684343	890030630
149	37	2.388419750486449	890245127
180	33	4.681891092959962	890266355
168	76	3.552258490497483	890564757
73	45	3.966670981966081	890570418
172	84	5.0	890860039
46	21	1.0	891176058
81	64	5.0	891949409
37	11	2.0837729442073547	891976516
111	9	2.21283643141575	892100625
69	12	3.9183982208886836	892174746
18	10	5.0	892539228
152	14	3.950603412862539	892702148
92	72	3.675211418908512	892840577
30	83	2.7152380918722967	892911959
81	68	4.601322957735762	893091630
39	18	1.4135223416289153	893350249
154	35	4.1927227551168595	893636728
58	82	2.636506395035066	893765947
96	73	3.204910085762094	893769390
145	94	3.716775563762629	893854209
121	71	5.0	893871335
66	62	1.6334600486393838	894083268
46	8	3.259334825469787	894147557
92	35	5.0	894199915
40	16	2.618931663338708	894329620
62	38	3.9826878872092126	894385654
186	79	4.231870704288296	894454710
138	99	3.4139303072091067	894577123
69	49	2.6317072681236335	894765280
14	91	3.5712537499108925	894800603
137	4	3.724216404290793	894823725
57	44	3.9822489526806573	894857516
151	48	3.377291066404276	894875044
96	20	3.5976703767483356	894885137
8	55	2.2434931057207437	895189119
4	51	2.1282568707364944	895335366
5	56	4.103094684948833	895507499
148	8	4.825432109095079	895689207
62	64	2.5372674347153876	895902832
16	11	1.3100782950214467	895985375
84	38	2.8657141523105967	896086830
44	6	1.8568111888458327	896219631
135	18	4.9558223221467665	896224212
185	83	3.24382024750462	896398977
22	12	3.468796511060916	896419859
46	26	3.6390603986534176	896643911
22	55	3.932959825360696	896717276
67	91	3.986036289417637	896778873
43	91	2.964664912983777	896953554
128	82	3.889159195667929	897023217
100	7	4.151136241823657	897096478
179	90	3.838552876285914	897388117
122	88	3.6566937282465246	897633660
152	66	4.5964692338108835	897659509
55	79	5.0	897709374
83	61	1.9806539245231576	897824276
113	50	3.897927049946809	898204389
51	65	2.955885997885807	898726851
115	4	5.0	899403786
36	25	2.966399693560833	899601176
1	65	3.309096208272701	899871250
171	21	3.8641402960546616	899895960
104	38	3.658053489920132	900008005
130	38	3.435815838711181	900039014
54	93	2.810272225935826	900060357
27	30	1.3038721789000536	900081333
184	48	3.7810092502818065	900141160
86	78	3.7525688459966235	900358111
63	39	3.0409096897810084	900367770
114	82	2.485240506814148	900460103
86	87	3.631927966771957	900466206
93	7	4.612688374989926	900991338
96	34	5.0	901223076
157	43	3.951225319318508	901722635
63	11	1.951039474946525	902350392
17	9	3.129491901409971	903200473
47	37	5.0	903298685
101	86	2.8585130909556904	903580692
48	2	3.7307009057186833	903778342
100	81	3.4119087559709267	904097264
187	30	3.76402008133367	904115268
113	5	3.1743889478514964	904315973
111	63	4.3481742126666685	904426164
170	32	4.803507931934759	904494122
73	85	3.758661147855388	904687600
126	67	3.0480506280881223	904797393
164	59	2.621676922820261	904915285
164	93	2.6389120898264293	905097948
66	70	3.803818595604876	905231006
28	33	4.230764119066524	905340606
30	25	4.268207216631737	905502516
177	35	3.8616610612470166	906000977
119	13	3.1787572338820884	906089869
23	60	3.0820904542341094	906903565
63	35	2.8941391792411064	906926739
128	2	3.402084753557096	907127944
128	3	5.0	907143190
166	10	4.691899334413573	907371983
24	24	4.326047171441506	907964108
67	35	4.6243533598705024	908008871
120	14	4.361636124497944	908009782
165	58	3.2323589091012064	908155553
129	8	3.9243939378610126	908494808
73	71	2.7703975301925903	908610655
44	62	5.0	908709871
20	33	2.2073746528477374	908788400
63	3	2.393706487588366	909112948
54	14	3.220189657622994	909297199
38	41	4.170480617241212	909311940
47	42	3.9254448641841724	909469909
166	98	3.81318447386498	909659247
82	41	3.404535752910927	909699356
173	2	3.160877720729961	909940789
58	32	5.0	909990365
62	24	3.1043192882437363	909996500
127	60	3.4313659539145314	910159977
182	39	3.416562030209639	910327090
63	34	4.048319627554498	910352679
154	31	3.5180168720444467	910634454
40	88	5.0	910742145
177	48	4.621857856230471	910950813
78	86	2.8971793442160383	911017487
11	81	4.994938227453236	911410833
35	57	3.6018562952619866	911697656
47	84	1.4741921268886231	911865673
96	85	3.9367385517335096	912159541
47	8	2.414849473442202	912215406
52	29	3.8829889847409285	912618547
185	86	3.4944039811709535	913233311
139	95	3.1535734939931004	913314565
52	15	4.692507512477975	913508060
96	47	2.549089270312768	913960621
107	51	4.3232799156777055	914004107
86	86	1.620075614860955	914032831
21	13	3.2843904214319775	914091517
93	20	3.7147131831705265	914202139
29	12	3.8896141773709036	914419338
64	33	4.818302324852669	914621148
25	62	3.7927154821418534	914758537
46	13	3.546002747253274	914930544
4	67	4.090422061251464	914955020
48	94	4.597152711753695	914960506
145	24	3.8437878815498854	915040833
79	63	2.973752143482579	915258129
1	37	4.140479795200823	915417265
17	17	3.3356647941146087	915546978
101	33	3.0127714358864477	915709378
98	49	4.568379333694017	915764303
18	35	3.4359222358512835	915932112
35	14	2.918217966607946	916766372
37	48	3.9413071516992457	916848443
5	67	1.7136245346453134	917086212
12	21	1.7214124159934832	917632511
108	90	2.4803046802911433	917772148
136	40	3.150560672783044	917804663
90	17	3.1869419694768455	917973939
40	90	3.9754306825266235	917992219
115	37	2.5757668557316955	918231494
53	76	4.614321694668872	918405462
33	53	5.0	918614130
27	18	2.4960426279185013	919286989
162	52	3.070755579701338	919553620
2	86	3.6810627427710823	919589425
162	64	3.7430047220544	919639917
122	25	3.1028046838540124	919721904
63	41	2.3569806879262716	919733665
184	36	3.66048962397348	919790928
5	21	4.5450884740847535	919793250
161	6	4.700078956426861	919957754
189	94	3.757975981221181	920227236
93	43	5.0	920538787
32	40	4.074071220894002	920696913
107	32	3.34975701120174	920742090
12	7	3.258502554129221	920770898
170	2	3.534027411072232	920835842
61	62	4.947305699391807	921017820
158	12	3.9578056099257846	921255359
58	83	5.0	921292584
130	73	1.0121913434649206	921424757
155	68	4.022142545933936	921683038
72	27	2.3003024716346916	922068213
11	22	2.964683287432341	922144299
173	13	2.951731205074923	922495846
136	34	2.6815713340579985	922653096
28	18	3.287791030098848	923284597
26	55	2.4434423572397472	923489281
37	73	1.5329302964128477	923534136
50	13	2.919946758629957	923617760
155	28	3.507880184694728	923636092
17	1	2.0847328080758123	923807381
49	91	3.975167746495382	923860007
144	63	2.267476685231491	924047041
101	3	4.05174079991092	924049733
34	7	4.717959152305559	924112392
26	41	4.18205206571262	924120716
146	70	4.582691053887073	924265903
105	23	3.8185210047988747	924335345
19	13	2.9942532957380634	924479182
187	46	1.8173413058773142	924694402
108	15	4.581984809249942	924868269
23	46	3.795624488747095	925193372
141	32	4.1220699903060485	925328399
184	65	3.454487754698758	925385604
151	34	2.4082991238606857	925411726
164	86	2.396330171469631	925487004
168	18	4.7592332397867985	925563795
36	31	2.852458194364841	925605734
150	70	3.376271053725164	925784319
107	45	3.593372374276651	925921103
115	72	3.694051943605874	925939133
62	79	3.0287362592974802	926002021
107	98	3.173303786813636	926067787
189	64	2.4410924129433997	926295144
138	19	2.3159694417774404	926687113
113	80	2.766967004476011	927233048
53	29	4.7816437950037685	927705274
159	78	3.112900297525599	928028699
137	12	4.55811832508715	928109192
135	23	3.2714000846599816	928294698
68	1	4.558728529883879	928379302
183	66	4.646440870400728	928447282
186	71	4.18021610545045	928720709
63	60	3.16987990603355	929559969
5	34	4.72921478429705	929581988
184	19	3.111479224816991	929626878
89	14	3.4807396202656053	929644978
148	9	3.7837510236615013	929995762
93	79	4.37231538002845	930002127
16	97	2.709100618332447	930036853
2	93	3.26049807797825	930198072
94	38	1.0	930205350
11	81	2.949884717063461	930324234
25	4	5.0	930385255
154	22	3.694107630953358	930435371
10	70	4.26402978157286	930437206
39	2	3.2365517839177507	930703604
34	38	1.0	930889766
74	15	2.6531490338746355	931339620
76	50	3.318550930752483	931593251
38	94	5.0	931976725
187	100	3.7502002062516944	932041936
30	98	2.4788375424397	932143557
88	73	2.771922902144679	932368546
109	62	4.179142775438195	932471539
151	8	3.9621726660819427	932576629
155	85	2.947079162632698	932714800
44	89	2.5460605806033554	932806243
174	7	4.893454527524431	933005993
37	21	3.112300083591439	933656898
160	51	3.879767636040896	933846760
19	16	2.842165446147863	934079464
155	82	3.3724508796224657	934369208
131	65	3.929340822801734	934424095
118	3	1.6168497919414162	934525563
105	87	2.4103669626576116	935198072
13	87	2.6869856277398703	935215934
98	98	4.150450092536139	935547265
1	63	4.73000057271915	935630546
114	60	3.0632357627617823	935731507
16	35	4.496858773465808	936112485
55	3	5.0	936565862
98	13	3.689328307292374	936643316
151	95	2.9153822693428006	936679042
82	33	2.861717273471506	936689624
117	94	2.991859802352689	936799768
6	68	2.7952715643891164	936852808
149	4	4.672756845267445	937266398
177	32	3.8937972982162514	937371473
147	66	4.6941094030473725	937504470
10	28	5.0	937742067
138	47	2.1645184309001086	937809218
47	19	4.683493666889928	937845278
137	3	2.8094589476837406	938141380
143	86	2.3977302595441445	938166194
112	27	3.958386703551484	938380982
139	29	5.0	938942295
54	74	3.1079873600808705	939214113
110	77	3.6722543864110375	939916540
42	70	3.3893346314426704	939926223
172	55	3.8556689485632294	940043678
62	23	2.048824309948441	940057798
74	28	3.438235800139871	940084580
67	56	1.3674043738451638	940151710
82	56	1.0	940172769
106	76	3.0117261575484555	940499814
33	17	3.8291067787101296	940546733
80	54	3.8131321400131553	940684623
69	99	4.125630933646001	940909777
14	19	5.0	940977711
119	50	1.6481572684253414	941017532
112	78	3.401154798760694	941239175
182	15	4.2658782794806145	941263331
26	36	2.4498592603978544	941384195
27	98	3.604355937523213	941572144
25	26	3.4209326581354436	941731696
29	100	2.323826663445219	941813646
153	68	1.9776408137821089	941963585
117	76	4.421801501977252	942098372
40	41	1.5906439124927072	942201357
24	1	4.057691060725125	942384200
121	95	3.068874430424901	942748653
109	98	1.89972889549629	942856249
117	88	5.0	942937215
50	61	2.893134822142825	943290480
46	45	3.139960731243017	943390152
11	17	2.7274312512437593	943470339
104	60	3.40337632998511	943923430
135	72	2.542849085104957	944024337
162	31	2.765826201221504	944054770
185	92	3.5774805185188625	944083899
180	86	2.961158143807262	944117231
117	37	2.5824971789857365	944157124
81	57	1.8923389728819413	944204600
76	96	4.523530644185344	944739229
61	28	3.649363482271189	944955830
187	91	3.2695992857942326	944961680
82	99	3.8163583215361445	945000709
49	39	2.1341758445845613	945005339
45	78	2.6891424887896616	945009014
184	70	4.478858050781795	945460030
188	9	3.412564671222819	945539555
31	35	1.450058721422522	945557563
162	89	2.9687857053924014	945709230
19	14	3.702328796422802	945794688
95	45	4.171531171729053	946043221
178	60	5.0	946255555
157	23	2.7273405547291762	946642543
21	58	4.376046792529794	946663321
62	30	3.8123782104665715	946830915
9	85	3.460692712372369	946909263
124	36	2.6999614356023534	947019268
138	73	3.538237994960028	947052952
90	19	5.0	947173563
170	24	1.4244119909214668	947227205
172	25	2.9438812532392196	947232242
147	22	3.0517753836998507	947775492
156	21	1.5314957865619463	947908362
74	48	3.5731969910016943	948190648
67	18	3.3184968378643327	948312466
26	70	3.0885733928839976	948318891
124	99	2.1445524968877105	948539854
56	6	3.4389960281446164	948723695
145	79	1.7141335080658888	948726584
135	6	3.900481386506329	948784402
189	65	3.04269834491321	948829292
73	54	5.0	948868771
92	24	1.8108169620327383	948938983
44	69	5.0	949016213
39	97	3.4328217099506446	949197620
2	37	2.361166882219231	949537248
33	53	4.616833775529955	949561064
29	1	5.0	950027192
97	79	2.501939372685587	950027764
122	22	3.1978194130173785	950102783
145	93	2.691734278359074	950152083
141	49	3.6838345163225044	950242545
146	20	2.244864628026605	950264112
95	100	4.110216169589222	950328151
40	29	3.6784766638853896	950406337
11	32	1.57232742065439	950430777
7	100	3.7887236628250234	950745244
77	24	4.803278037316064	951206888
161	55	3.437995990633968	951524941
137	61	4.054057771115907	952278125
38	72	3.127680947062077	952338375
85	44	2.93939236315269	952533749
29	51	3.8514799003522016	952646891
93	19	2.780890548550814	952833786
38	26	2.6695555934434347	952990152
124	44	3.1160287280476484	953072506
130	62	2.4281427669598443	953113653
120	70	1.280699627252465	953649504
158	38	3.4242357134645403	953686667
183	41	2.8213569387058968	953843135
89	20	3.2659801408930185	953848926
8	23	3.4225565392740065	954233172
70	69	1.5803268438023437	954505669
49	17	3.466387435296287	954773732
5	52	2.9678314368728103	954774957
179	56	1.6683177527939739	954985552
181	90	2.385953549838007	955029119
177	18	4.746891715534719	955159542
133	85	5.0	955258015
118	41	2.9685454486407847	955274917
146	79	3.3967452398509526	955317215
103	16	3.8400512945688905	955378160
66	33	3.797244273380124	955732394
163	33	3.2970193626043427	955890799
17	21	3.861417317273103	956052593
42	21	3.1705522136529085	956108674
29	52	5.0	956186459
80	72	2.3693846650624737	956449717
152	72	2.998215807188468	956474635
153	76	2.3456373317670156	956564020
106	31	3.847561613803552	956695237
179	15	1.9140166877620417	956834935
98	46	2.439394933603399	956986972
178	90	2.744208499841637	957009334
70	37	2.5177059657453205	957067784
69	80	2.5041846052097707	957242786
15	33	3.836144963026229	957254449
4	56	1.8990960215234844	957469665
39	88	3.1433268658201285	957583710
138	3	3.7873289044030094	957879698
187	48	4.821304032273012	957976404
185	70	1.5298961822881645	958176179
148	82	4.720821298813048	958215628
88	25	2.9360525119417566	958242286
17	35	2.3283456526824384	958286336
14	76	3.6998104337187137	958296312
179	34	3.879153118726124	958357668
81	58	2.9710222919359848	958853326
155	74	5.0	959264497
97	25	4.212712028861331	959405220
172	81	4.318777643754861	959548774
8	50	2.9517997018332274	959561301
40	37	2.8836385919605227	959596965
79	24	2.3107675349228707	959640468
168	25	3.008097552493795	959845760
87	65	3.675286778933924	959935371
122	87	3.9692675898085263	960008217
46	74	3.585209449633901	960039109
126	29	3.706361771325451	960393927
134	45	3.2955287790138783	960433745
96	35	3.4497953829582553	960493634
92	67	2.665718189965375	960607560
3	40	3.766818396295402	961057767
109	15	1.9526960110616345	961074637
99	68	4.987246155335927	961139959
72	30	3.7242347445352917	961177416
53	8	2.700059493298066	961281338
52	32	4.231380252574993	961313336
8	57	2.906188591931295	961385714
103	53	1.610350707903847	961434913
141	80	4.5074439731951985	961650251
108	41	3.514273067836434	961812754
79	71	3.106947242938599	961839947
145	93	3.8676492929914215	961962370
180	12	3.18392714397295	962150948
39	5	3.125177943378194	962271375
145	19	4.694592220513731	962504664
29	52	3.6448878330968912	962521612
168	69	1.5310768575839169	962923034
181	4	4.1649271623017405	963090791
96	34	3.7522403964266773	963413401
120	32	4.271920154836675	963510959
22	81	3.9201915428949916	964003744
105	25	3.1334929796319484	964214692
104	36	3.712093353074175	964269289
166	38	3.3630045105575417	964285462
152	87	2.804305122802936	964401171
175	47	3.987872284871074	964483150
111	1	3.5511979018810855	964732713
118	60	2.643227906173207	964785126
22	24	3.107528893939127	965009409
34	63	3.6113726018400523	965365797
1	18	2.8921247393241822	965703320
124	8	2.2495922660302825	965806635
72	99	3.2373404796838323	965855812
182	48	3.426027136405622	965887230
178	16	4.485449685615219	966035178
170	25	3.355095420918569	966235817
33	26	3.5344410117058414	966346571
99	73	2.8479111114069395	966569592
134	78	2.4959454031579895	966570793
56	60	2.1316849611671893	966761413
181	91	3.1979545005101357	967174766
59	27	4.456703186385658	967270474
51	21	2.9608772968510215	967324940
39	63	2.5480815399777645	967416590
40	76	4.011499575361862	967575809
169	66	2.1672226025203503	967743817
187	31	3.8195246707829553	967778122
2	76	3.673341664370408	967990427
149	99	4.496570510579447	968259056
55	46	3.57857702971915	968393647
161	60	3.741321934916781	968656675
183	33	3.8674816654743043	969029644
65	41	3.7112836922794727	969032078
162	11	4.553985771182877	969093048
68	69	2.3219591326236193	969159722
121	68	5.0	969277098
179	84	2.297850473923911	969372716
181	69	1.0116726465870105	969423277
179	99	4.108246191684969	969636780
33	80	4.08855326977072	970012599
166	26	3.1485857642862674	970376273
136	85	3.4066131411000518	970732307
30	3	3.0002698238483694	970951769
30	36	3.5693443370362505	970989028
169	100	3.416282040150788	971625281
168	32	3.3704827531365593	971647359
175	1	2.926398227103099	971769469
93	91	3.6310651862158485	971887003
144	23	2.17754204325643	972120670
184	59	2.7106614942803255	972281600
31	76	3.4086004424908856	972350275
60	61	4.451549770574043	972625554
49	23	3.6915773961940896	972914984
69	69	3.888978729352184	973103747
155	57	4.277407352764511	973346197
26	91	2.8856768559037054	973466721
172	70	4.779464931657751	973533643
161	25	4.338940500469612	973615954
54	28	2.671502975219754	973688102
38	82	4.279349003905333	974109238
34	68	3.5188190497405984	974618087
24	32	3.890695920928144	975087202
124	54	2.7606285925409635	975463233
174	47	4.349611988516213	975682602
177	55	4.24990023942371	975841927
14	74	3.5224658928120465	975842270
109	50	3.3884911728570564	976483400
17	97	3.450970659161963	976811643
108	17	4.9816634024625985	976820806
147	23	3.730070759191402	976982450
2	53	2.825065981209448	977014210
154	49	3.9322629506341555	977292633
17	36	3.794224129013494	977539426
113	30	2.9296486335863197	977568929
85	39	2.402697472367156	977592962
53	40	3.110076293440555	977609090
35	28	3.9734718990352285	977704034
42	68	4.195537757565777	977959036
104	32	4.006240989305926	978025661
72	85	1.0	978363513
63	63	3.15909212265392	978438121
120	52	3.455106969877463	978474882
40	59	2.0258678679578943	978559057
3	48	4.106723059136183	978592300
126	46	2.5188344688603186	978680136
157	53	3.334368589682368	978769064
10	50	4.259712295484168	979038547
160	75	5.0	979049248
122	65	4.339468504518405	979251653
111	26	3.182284903243766	979334421
60	6	4.293175688218677	979711159
175	58	3.215615350393491	979964903
62	3	3.751473608940512	980083268
40	1	4.659074064955898	980422814
101	64	3.924066861518451	980488256
36	55	2.5754358856219	980623841
60	15	2.5574419942081237	980909313
179	15	2.9806036281738733	981301052
35	98	4.329732417879175	981337591
83	68	5.0	981406950
5	26	2.8823583230663035	981438929
111	47	3.0288753481821216	981593024
33	43	3.3099609649985053	981959261
56	17	3.2033925409302015	982115811
145	84	3.5858930062933303	982241489
81	30	3.3406377678540933	982355855
187	92	2.3466494894040406	982363937
176	23	3.408155235665045	982550196
149	89	5.0	982665579
176	64	4.358014195302145	983263960
96	47	4.165924252054461	984004548
114	5	4.0472647973779665	984029961
117	21	2.867119725115208	984110346
82	15	3.9395012306202264	984178402
62	17	3.970044187368202	984502844
131	34	4.016946515748371	984530067
167	8	4.353975976552224	984676032
76	35	2.935225995829058	984773753
162	88	3.838023481101708	984889745
82	20	3.124803619676063	985027606
182	9	5.0	985063827
158	68	3.966545311450127	985315763
129	98	3.180152476745156	985355442
4	12	3.64098269961206	985411776
181	98	2.52463397272175	985440860
29	21	2.3103333409096387	985477685
54	20	2.489401780071087	985502697
63	3	3.2843323624523677	985686755
35	78	4.526986263319732	985906561
32	81	2.3928431831975483	986336956
54	34	2.220969263780214	986856096
75	5	4.112468794013602	987104841
15	35	3.037060487974742	987246090
65	95	3.9820667273353862	987330789
5	33	3.405541285557997	987550331
12	64	2.4226239230152418	987713917
46	79	1.2944339429009308	987779194
75	44	2.8322204435311136	988165034
32	2	4.221562505126143	988397676
153	2	2.867244970114961	988427205
21	43	4.9033699701251905	988532847
41	61	4.588769654216672	988682420
13	92	3.9818660617184913	988795839
7	27	3.2060330523358176	989256602
93	96	3.493478684770542	989322566
88	91	2.1114574461687887	989399715
60	68	3.08850685543782	990187316
142	67	3.2906861804206384	990271497
130	15	4.541724664058851	990333772
178	68	1.6820207746128453	990418993
13	35	4.952616745486179	990679360
90	10	2.319187184691155	990749647
106	45	3.0881766310363425	990866739
129	61	3.0969240109349694	991007549
28	90	2.899576434261295	991032592
159	97	3.685175536829914	991037417
103	93	4.096441137581753	991052392
118	87	4.122711223900269	991630041
180	92	2.638296929743742	991701490
179	16	4.3347513263248825	991747710
160	89	3.6989481467964946	992090725
26	77	3.5516609768510796	992228430
187	51	1.6302583003045794	992277648
179	66	3.60940847183297	992336020
20	10	5.0	992441266
72	57	3.3378760245201415	992471209
65	12	2.2424221410853837	992475645
131	100	3.9581681147886987	992588137
140	7	3.689479821221081	993549291
183	13	4.185507738790204	993730854
12	19	4.086165800392783	993799374
106	8	3.715396505456288	994032124
143	51	1.6599222554942472	994137817
136	39	3.6847405788957244	994237934
100	82	2.6147513138757774	994329024
25	92	3.760442263333556	994353941
15	82	3.85561334878566	994472931
33	9	4.617398815902461	994706910
127	75	3.8423378344896215	994834361
180	58	3.454588782067762	994883238
21	47	2.5056506253914876	995068408
146	54	2.8707366063072115	995179341
142	10	3.816155957182778	995415980
65	59	2.3047062364007553	995555066
72	28	3.83868731792169	995801444
72	4	2.7668438028900035	995824115
66	58	4.212322159580162	996305311
104	3	2.2450773319977078	996777922
56	58	4.772353500106767	996879578
104	15	4.603877343316258	997024609
131	86	3.9632885301181062	997147058
84	35	4.5094717885959685	997156608
14	22	1.8687241845390545	997194658
144	15	3.215124506630329	997464147
29	28	3.2865432206495617	997696054
131	36	4.240824345420126	997932260
73	6	3.9347700645568913	997961484
166	87	2.348985916380493	998218147
114	60	4.289056687375519	998368147
55	85	4.951001438131336	998426303
49	49	4.282873734948573	999054601
93	19	4.082571318808805	999150857
118	32	4.314151762118266	999203817
50	82	3.192191528861116	999215914
162	9	1.7061075021321097	999274742
183	31	5.0	999391771
95	78	3.520886488295962	999534453
54	63	4.320158186755484	999724614
6	96	4.752842634427484	1000009120
8	72	3.537937835447602	1000044788
116	30	3.5493083315202227	1000276663
89	88	3.84670997760492	1000438748
1	58	3.2941405691196595	1000632685
163	13	4.735811620006938	1000636611
58	66	2.5736188700184615	1000698906
134	37	3.7439531979085	1000701391
37	5	2.5061373251651466	1000773534
176	79	2.688999136371155	1000969638
32	88	3.5781430629696476	1001140576
102	44	5.0	1001189117
44	45	3.3447409511752513	1001337714
168	1	4.206078913815132	1001512798
134	60	5.0	1001573505
153	10	2.666943942999241	1001761155
141	40	3.5006828189574826	1001920881
133	3	3.2640300127890285	1002200481
32	34	4.38750396741406	1002312188
32	6	3.18176247225738	1002343326
12	45	3.233347670765585	1002452406
146	51	1.481512135611362	1002655526
60	81	2.9425769468916787	1002727376
47	24	4.320344012612456	1002736222
109	22	2.6536840225342644	1002743283
47	39	2.200783636554176	1002782761
94	21	3.157450799142235	1003066082
114	14	4.0531491563792095	1003085135
47	50	1.4129729813979313	1003126722
178	97	3.6777501062680313	1003138162
107	2	2.2195444289975335	1003168266
106	44	4.989863438602082	1003363524
123	14	2.4914453159237917	1003402579
17	47	3.7577525401427505	1003944040
5	50	4.400398588395063	1003954902
93	11	2.173527871688917	1004257666
49	49	3.0848997110366305	1004322379
171	1	3.2529742992540034	1004419890
86	62	5.0	1004658180
99	37	3.3482855664227706	1004904568
111	3	3.6847104747810833	1005053748
173	26	1.3943530581596755	1005102310
75	63	4.711943985386401	1005175505
21	97	4.101206748929115	1005838531
118	71	1.0	1005846003
15	55	4.102118320392483	1005969337
188	75	2.8701154476361896	1006008801
8	32	3.298508466052482	1006117620
150	13	2.8917734925552407	1006156890
62	35	4.021279905013815	1006170759
103	43	2.543563623181991	1006553421
166	46	4.501824853681937	1006632404
61	80	2.8914102767602996	1007113864
113	86	3.4519114926692276	1007114299
70	26	3.033504620771802	1007180461
152	95	4.193478911913994	1007220318
51	72	4.005965553455865	1007332171
167	21	3.8350580290841174	1007490506
32	46	1.8934228992613207	1008068059
4	87	3.6948423402701382	1008361291
7	77	1.4221881801438032	1008487296
120	24	3.106470144030271	1008637478
98	86	2.118955396846225	1008672583
127	94	3.72899639245934	1008715883
177	7	3.7647753109779796	1008790615
147	17	4.053251219984784	1008802456
63	34	3.4996863273882255	1008925079
154	35	5.0	1009240430
44	44	3.2401998592324874	1009328777
184	66	1.9542702133092669	1009850548
25	59	1.8619709425639832	1009989589
36	4	4.723083067095325	1010475916
126	29	4.730874513154735	1010482304
170	28	2.5993792653521313	1010612719
54	47	2.383475560051341	1010785061
97	49	5.0	1010806039
180	62	4.600821398422605	1010820265
153	28	5.0	1010916533
104	2	2.461456179156028	1011021351
108	48	3.302062271015318	1011356373
188	31	3.006877177600228	1011397925
150	78	3.8004743596108286	1011437951
19	60	2.7575157674616158	1011483803
69	55	4.195202900083999	1011508953
84	1	4.218185725707935	1011570211
135	84	5.0	1011648251
38	19	2.5704891398075898	1011708150
4	2	4.964177238752438	1011804545
51	75	2.2476065555868807	1011859710
109	99	3.722289855800854	1012358738
27	30	4.50163182520856	1012419118
96	65	2.3488462634471308	1012567709
173	32	3.034194430881837	1012790420
61	69	3.228344889673947	1012879317
92	37	3.6034381293081066	1013180365
94	58	3.2168611032562326	1013326929
15	52	2.8230048615414685	1013432222
134	64	2.182868080053415	1013455438
84	59	3.179702195463358	1013637524
148	44	4.5294574815983575	1013686310
26	11	4.345157971184322	1013765779
48	88	2.6754858384723263	1013956406
33	86	4.000240469436569	1014246797
132	46	3.0632802639594043	1014325606
78	37	4.548707126416564	1014583951
103	21	3.8631156277445236	1014652933
176	8	2.6681777917695553	1014723724
11	63	4.686734620177331	1014933265
82	60	2.320630878367383	1015130404
118	26	3.100100937868863	1015183873
175	5	3.6342964972477927	1015252048
108	30	2.581873016583425	1015279876
70	48	3.0223544173959946	1015305240
150	87	5.0	1015348065
170	36	3.52538842054241	1015459600
153	73	2.763229864052378	1015553544
151	21	4.936335405705979	1015803872
145	66	1.109695632530562	1016035404
104	12	4.245005312877281	1016053727
122	70	3.0444604739761294	1016154080
29	65	3.3418461556276795	1016276534
125	63	3.935975389500046	1016316168
122	63	3.749308595641729	1016612804
8	26	1.5919978628766924	1016711273
97	62	2.771727797593387	1016834087
84	57	3.446095150994261	1017284016
50	67	4.210549102297786	1017462749
2	11	2.351205964841344	1017495636
181	73	4.669589992427774	1017766884
179	53	2.5319542414897547	1017975511
28	73	2.2888280707192186	1018062629
96	84	4.6059004243573085	1018151752
14	49	4.133326826071238	1018715957
185	79	4.83057490403904	1018784144
24	82	3.7806364044901364	1018937660
175	5	4.103187431082343	1019318821
126	45	2.3828135382929974	1019530030
109	61	5.0	1019545593
126	58	2.6201856464979456	1019708655
182	22	3.98387665118804	1019830529
142	83	3.42433439567417	1020244844
111	21	4.475312458477979	1020350110
98	73	4.451449277058087	1020362720
58	78	3.1896922946150963	1020498561
123	76	4.512637409644071	1020717584
86	22	4.359587886979802	1020758539
127	42	4.189707805245194	1021253102
30	73	4.002784426895194	1021273026
15	77	3.486162253905763	1021378582
96	89	3.7658782296520483	1021550668
160	55	2.888614752611372	1021584084
72	33	1.7687986965550746	1021652583
77	17	5.0	1022167720
32	46	3.720541427013867	1022341718
51	45	2.986786433528415	1022579583
60	80	3.237109170791732	1022952971
101	34	2.5953856250062337	1023033983
56	19	1.0	1023045214
122	37	5.0	1023093712
99	8	3.6897061676103955	1023467854
54	28	2.649464721252956	1023511617
51	44	4.953260663321034	1023636677
150	28	4.362223511886977	1023668273
173	65	3.4260524343916074	1023823787
68	48	4.922369861698508	1023873655
93	82	3.704758882401784	1023913984
111	63	1.4349169537436794	1024046313
148	56	2.643501762590801	1024247052
72	28	5.0	1024416847
78	63	3.6057537912714803	1024474449
5	55	4.219757942148182	1024725533
9	66	2.655058561406504	1024805576
56	4	4.432191564260385	1024864984
39	19	3.819651825918977	1024996866
178	19	3.184913268805891	1024999152
100	92	1.8314007411218047	1025020106
127	82	4.09256727384733	1025542651
123	39	3.400905699758731	1025569754
69	91	2.3880329742258364	1025577668
150	93	2.8417515876661517	1025653589
117	94	2.457955587756897	1025754630
13	70	3.086394466578356	1026218277
58	67	2.0230750724680986	1026412185
161	84	4.282130001531459	1026615536
46	82	2.127140548518936	1026686993
93	86	3.4624293550205185	1027001248
109	52	5.0	1027053873
64	71	3.4107658457785512	1027144273
59	17	3.4475955494225303	1027272120
115	89	1.7237536665335482	1027549646
172	43	4.091814133741378	1027965713
185	60	5.0	1028028915
13	85	3.7571989703559274	1028157271
148	87	3.316803381279612	1028177411
51	56	2.610759171771676	1028268276
175	96	3.3487007797674777	1028389140
57	40	3.281346722564964	1028422614
189	40	3.6718393397935314	1028635585
74	47	4.013614464231097	1028881705
167	90	2.433765068100775	1028897651
118	92	2.3977078501635765	1028984780
29	46	3.6480894197982763	1029120228
33	27	2.077025074738327	1029184625
39	30	2.486104047707462	1029235950
164	43	4.129529584221811	1029366672
120	36	3.272523740046592	1029384480
152	88	4.3868873900973	1029430637
13	2	3.9720022709192744	1030340597
140	27	4.082026567084727	1030355275
119	68	4.3901984111247865	1030648253
130	83	4.763706677654668	1031336392
140	25	2.874322712503788	1031493844
20	33	4.962195938717636	1031774767
39	86	4.67972520836071	1032123304
107	14	4.635620147182944	1032148489
49	58	3.1385372333060144	1032268003
160	20	3.742882013150275	1032382275
60	94	3.6430487698789524	1032549788
153	2	2.161394200276751	1032716200
94	12	2.8877632654922496	1032759025
178	53	2.725385029981418	1032778674
150	41	2.3181258745791986	1032810247
178	19	4.1687416555925125	1032903035
10	17	2.346667596794255	1033038744
179	80	3.457176618688425	1033435518
57	55	3.5953441994413082	1033685882
152	10	4.571543152234886	1033741781
158	30	3.3745457399971	1033776890
37	49	4.198828420202535	1034002662
66	88	2.563493625210404	1034020532
89	70	2.7878261358239564	1034108414
101	52	4.348430882205284	1034136729
159	17	2.9494480682915123	1034138532
173	87	5.0	1034157068
7	44	2.717996507488963	1034191178
147	71	3.695481731553291	1034230781
159	56	5.0	1034285985
161	64	3.437808983000689	1034723928
172	1	3.863631882624968	1034748111
25	99	2.5343351964767917	1034813122
11	45	4.260846654311478	1034855325
79	46	2.7162464788755716	1034877794
69	82	5.0	1035226815
162	61	3.324145595567929	1035414490
5	43	4.346770775216494	1035625496
97	51	1.8841132125895272	1035895989
161	14	4.737438134684139	1035929404
156	44	3.278486737047876	1036034735
75	69	3.0863843343703574	1036305418
8	34	3.8525049683568797	1036318009
11	53	3.873348559711398	1036419646
27	63	2.776009668257391	1036478987
160	44	3.3491622884333045	1036614143
62	85	5.0	1036689460
101	61	2.771538378319657	1036748173
164	46	4.387655425873836	1036914461
163	11	2.282717307779521	1037302603
129	75	1.9357583882889486	1037338972
54	67	3.476447849125762	1037444643
158	39	3.6864161697440463	1037507605
4	49	3.946872500802698	1037567172
101	47	4.943632003468814	1037843201
59	67	3.357853463059454	1038780521
43	85	4.257495149337485	1038855089
117	19	3.20251779912615	1039047970
53	8	4.2835896647986065	1039104250
179	64	2.747564762646965	1039428217
181	11	2.4574223053294237	1039538858
75	45	3.993654847643151	1039563346
114	86	5.0	1039800891
14	5	3.9547409121411343	1039846017
168	36	4.82893331953541	1039870840
102	16	4.7495049007061585	1039981176
54	49	3.276797745365195	1039993547
42	32	2.033214809384323	1040449350
122	26	1.2038190468627619	1040476958
1	24	3.241145599630168	1040519521
164	2	4.197903272539028	1041411805
108	94	4.884532047593906	1041460075
9	30	4.49558151400203	1041517848
181	37	3.36993970644638	1041713913
97	27	3.407055793386412	1041840648
34	75	4.82579664754219	1041968089
82	29	2.9282539580439386	1042120632
167	41	3.503695671847847	1042214644
41	69	4.640149038521266	1042226864
16	28	5.0	1042463162
147	43	3.1793323744428084	1042536860
128	36	2.5516519957757993	1042756659
160	92	4.565171965714386	1042908414
99	7	2.803228181570425	1043158145
57	39	3.8308513046155777	1043219440
36	83	3.811308673442885	1043389429
160	14	3.318775826781897	1043615956
25	66	3.675536229578598	1043904426
1	33	2.910728348210694	1043908646
100	56	3.809998983165555	1044126291
76	83	4.432434870954667	1044157525
23	51	3.9559041951707026	1044190623
26	30	2.9706678875516292	1044191345
137	99	4.5909804251859665	1044308210
148	10	3.086534838876724	1044338149
111	20	3.51961665769399	1044601922
105	24	3.5413256322706186	1044641823
153	98	2.242131844091112	1044970843
97	74	2.7782624466627466	1045194271
119	48	3.3500592809208904	1045402816
115	55	5.0	1045436022
62	62	4.876496450019538	1045595408
123	74	4.068103205128646	1045739065
177	46	3.313103841838015	1046157067
24	37	2.7619429163386084	1046295005
144	29	3.428400748141933	1046525131
103	48	3.645521197768241	1046642565
114	42	3.1294172375992173	1046651639
52	30	2.1489256337919787	1046679133
55	55	3.5452227089999826	1047082656
38	26	4.56977145498385	1047114572
179	10	3.779267838216526	1047297481
158	29	3.3209067149838436	1047481683
86	87	3.269133626155231	1047626945
126	46	4.757149216862572	1047873690
73	31	1.0	1047935502
122	8	3.148078682183491	1048209378
58	84	2.5979484456424897	1048310765
48	18	3.5070631586281764	1048372447
5	2	5.0	1048441034
69	38	3.8229745036176683	1048862791
117	31	2.7534216534597613	1049415648
23	98	3.920094490451841	1049502939
172	85	4.2833905092825955	1049552321
29	23	2.971702953337021	1049677742
88	43	3.424048976357477	1049688751
135	13	3.799647687837348	1049834489
134	63	4.392597338299309	1050164647
67	39	3.7253079220409417	1050505698
113	69	4.538378851019317	1050633080
26	41	3.3868719474842597	1050941478
137	72	3.820785725932684	1051214133
18	51	4.23463754545933	1051302891
189	51	3.8933070500053235	1051360513
35	12	3.3606027993367658	1051611664
90	38	3.043879172525812	1051669737
26	92	3.172982682390229	1051747788
123	47	4.557368305378225	1052388330
104	96	3.925887206193036	1052551823
187	8	5.0	1052794221
39	14	4.394647187573872	1052912595
109	35	3.9492187212850345	1053030259
47	36	5.0	1053111725
160	13	3.349679539728128	1053360471
152	83	3.7965755451407617	1053445839
57	69	3.7314459225255723	1053464770
130	39	3.7634872153310597	1053604406
160	10	3.446879346982455	1053715659
122	9	4.138660168643103	1053808731
54	100	3.323225836884218	1053826022
154	22	4.521383295429398	1054166182
95	84	3.2001618037251194	1054185833
93	36	3.8796396483859654	1054677919
3	33	2.3804538716168313	1054808207
22	2	2.6303369187253054	1054911841
84	48	3.0929636870732193	1054928305
112	28	2.5922438198530795	1054954844
14	55	4.073744421004413	1054983500
90	91	2.6718037270347654	1055682614
159	46	2.2064923747959044	1055828090
27	89	2.5781401868746867	1056022414
37	1	2.1368259954071895	1056087251
25	18	2.480335661307884	1056212880
171	33	5.0	1056695835
74	19	4.98911310832829	1057114496
55	39	3.0847862320947286	1057266933
25	44	3.288333018068823	1057273006
90	28	1.9821262533191906	1057373012
103	14	1.371265905585188	1057470764
160	26	3.2484611139555044	1057954194
91	47	2.914072326682245	1057982229
55	51	5.0	1058021394
35	45	4.774875041278722	1058047320
62	30	4.25109945450731	1058269950
8	96	3.0127970788050726	1058492278
128	1	5.0	1058510101
64	75	1.888432640897172	1058562813
28	97	3.676820872139398	1058753154
58	42	3.3256457420971643	1058789223
122	96	3.0191662104880206	1058834031
52	38	3.963206292099123	1058861250
104	27	4.437915537510655	1059103949
147	86	4.196167997159289	1059183340
111	64	3.1024422345082785	1059594961
157	6	4.910459145203504	1059690654
188	66	4.138391925608383	1059771065
63	12	3.5347137487525617	1059980870
8	58	4.795871781863014	1060111254
88	16	4.730222175650788	1060207363
15	35	3.1713815242510153	1060279465
123	13	3.9086073077017676	1060287721
174	57	4.790644460922547	1060310012
177	31	3.9631847952675847	1060498643
84	80	5.0	1060589719
173	97	5.0	1060800695
139	48	1.996919698240182	1060954813
12	95	2.5150068741829847	1061037316
160	56	3.9281862478105762	1061423937
115	24	2.975551863737348	1061551595
163	20	4.372197000072978	1061648185
4	82	2.6760645130280003	1062084510
38	37	1.3792998473649338	1062116171
108	30	3.2202398315041654	1062288846
117	46	4.449594571364488	1062369407
121	46	2.9901933068091173	1062551910
127	78	3.9726303458434056	1062590696
179	59	3.0840330720526414	1062667136
62	64	4.290625599162769	1062911677
167	11	3.308972237399831	1062913924
163	56	3.506799844559998	1063267919
81	35	2.412754061137197	1063370860
33	26	4.478422112028035	1063734714
51	60	2.849976065593102	1064203077
28	38	1.2881380886704932	1064316400
186	21	3.200323351993213	1064357477
144	5	1.9351972286379449	1064492368
59	42	3.6904238899250577	1064575482
1	66	5.0	1064820989
41	98	1.0	1065013920
187	80	4.530580585624057	1065587881
99	5	3.6972922656312064	1065700844
119	81	3.5866976994143966	1065947044
59	59	3.46771938895053	1066025590
7	88	3.29747577293517	1066182181
113	49	2.8242919208383883	1066214142
9	16	2.223695583461664	1066219321
89	98	2.6033577726847916	1066300550
81	49	3.4641744212935373	1066320165
65	82	3.9998641237403714	1066347862
162	89	3.9912076654119963	1066480920
84	64	1.9828263033283209	1067194706
21	19	3.707267329398944	1067205061
82	64	5.0	1067410252
149	4	3.9961991873633163	1067658659
63	76	4.38233306232341	1067766433
139	75	2.8779651944456184	1067802499
165	81	5.0	1067810999
131	35	2.3261200355910274	1067887729
151	91	3.919609972024118	1068157071
164	42	3.1307228607537967	1068620061
17	27	2.7044429320591177	1068826026
132	81	3.3053027038833185	1068865769
90	2	4.841475915530881	1069070239
176	45	3.8278211728430853	1069279962
74	90	3.3396399189551693	1069698556
71	35	3.497596159081146	1069731035
103	99	2.056145183866458	1069877711
98	85	2.6950335191474393	1069879656
186	92	4.095029465835565	1070226730
161	85	4.032006198821943	1070468429
72	38	2.4759714091136207	1070565348
141	4	4.328229690184623	1070578397
189	20	2.68759765106258	1070681622
166	14	3.4227789547769545	1070683399
78	40	2.683782755458035	1070780289
68	92	4.001782736167545	1070810936
12	3	1.2531106660153948	1070962375
12	21	5.0	1071055592
35	68	3.8498000245679074	1071188485
113	99	2.0944329808213578	1071265436
118	17	3.696131459023907	1071278270
129	23	3.9736320768114544	1071284189
136	96	3.6814266201139714	1071316169
143	62	3.7127397758576604	1071519596
61	10	1.8605158374745658	1071749669
112	84	3.5589842215895975	1071854804
162	30	3.712574030632215	1071870458
134	8	3.860647891435795	1072110595
53	21	1.9833574505792089	1072196354
178	54	2.180752805401233	1072623792
142	23	2.5903165830181663	1072630013
80	68	2.8077496707341036	1072653145
104	97	3.265592199683678	1072782907
141	66	4.192855755817812	1072840959
3	34	2.1331416367191736	1073308321
126	41	2.150423788448468	1073426182
146	92	5.0	1073584234
59	89	5.0	1073822441
59	8	4.0222506360177785	1074338652
113	90	4.179373282956504	1074349619
146	29	4.302128458618119	1074399674
92	4	2.8960193740307707	1074550575
51	11	3.867619840209711	1074611746
147	21	3.8278795241593575	1075149615
131	14	3.82674476460232	1075200484
6	39	3.6786947168104756	1075220172
76	85	3.141970620253014	1075269524
157	33	5.0	1075479127
143	20	2.9835703561124283	1075726195
157	72	2.975337592933197	1076052864
75	41	2.7905589975724534	1076073192
33	95	3.436475425384645	1076210009
99	77	3.4565230501861377	1076269493
56	73	1.3229349535571453	1076275680
46	13	4.037629902949879	1076285399
87	57	2.0944369461437136	1076307584
75	66	3.2119611260779237	1076369226
89	91	3.3596249410946637	1076965595
16	51	3.979441518086064	1077141201
39	51	2.399845767028305	1077501770
21	9	3.1402313542109144	1077788977
28	8	2.573301691152689	1077903587
68	49	2.975432986232949	1077922368
12	54	3.8240570282215605	1078037449
186	11	4.195402474550299	1078121991
132	5	3.2125524805996446	1078168818
123	28	3.5853181425650242	1078276538
75	74	3.670463770996571	1078584794
154	92	4.098794389561911	1078799295
156	47	5.0	1078888884
130	30	3.35297457656915	1079493767
142	90	2.2067270421288363	1079586321
150	87	2.127534452115899	1079649430
95	36	3.3244360545007847	1079660626
60	11	4.15497558422169	1080067491
139	100	3.3141542478072528	1080211970
107	40	3.3605537243190007	1080243312
158	45	2.607212484508116	1080454026
88	100	2.279287574085841	1080566761
144	37	4.551947617722918	1080584931
43	73	2.5838080845187577	1080633555
101	46	2.2609472974733578	1080765771
126	36	3.718534042410946	1080819376
117	62	2.7904201452508275	1080902230
95	78	3.2706092559319724	1081136423
51	69	2.718843621868886	1081423568
137	75	3.9258436586298293	1081523125
185	89	3.8174532612501753	1081601468
60	60	3.5759552679160875	1082129871
67	63	4.276027913843476	1082266872
58	60	5.0	1082298269
29	64	2.358991490247262	1082433161
188	64	2.4841211730100214	1082525115
175	19	5.0	1082597674
12	61	5.0	1082697837
92	31	5.0	1082831421
84	56	3.9086528114806707	1082862104
163	95	5.0	1083395738
23	63	2.2715561687342376	1083524091
39	47	1.9624152035508247	1083655410
49	43	4.178946987762233	1083749639
140	23	4.050797572273663	1083988884
187	45	4.082737583173865	1084183685
72	23	2.076042847549855	1084214192
183	14	4.392953870108769	1084267756
41	60	2.903025713278926	1084301016
151	84	3.9914294527201997	1084466855
115	25	4.221135362545581	1084486529
100	4	2.408066099604687	1084683449
93	87	3.8216785413765	1084933591
147	49	4.8404610517903475	1084961404
170	70	2.784240010889248	1085198956
12	24	2.6096821519801283	1085836580
151	90	2.2077373048943816	1086061205
148	7	2.6372242359568796	1086157916
103	58	2.88234810456565	1086168124
157	20	4.015628088443957	1086238807
64	51	3.1386894380327095	1086259894
118	55	2.230669503453301	1086277058
135	5	4.242682418359722	1086550783
12	12	3.1171828103870314	1086578999
144	50	4.183328992811069	1086581047
25	14	3.591752484448373	1086593012
46	10	4.547317706621448	1086970307
161	28	3.095602576816039	1087165053
115	41	4.389037122279892	1087261936
188	21	3.002429161614793	1087262678
23	79	2.652366071380915	1087400077
185	24	2.8684222708346687	1087406878
132	47	3.550887701856018	1087734316
92	3	2.714013967365018	1087966914
63	10	3.4511028165258946	1088178873
130	99	4.166312500909212	1088309334
128	80	3.451347648429549	1088332489
29	47	3.6261779036619672	1088367156
1	2	2.5813134885139055	1088876166
146	65	3.3174310256204587	1088881029
165	22	2.6971755560491575	1089320299
148	80	3.997743089091394	1089437837
95	8	1.8433767923222262	1089552106
51	58	4.00826863967459	1089635323
115	71	1.9024008304045679	1089639532
38	57	1.630183660467836	1089809743
95	96	2.782081109252398	1089861180
59	13	3.777358461964676	1090080706
183	66	5.0	1090346229
148	8	5.0	1090370203
49	17	2.310588107132672	1090743014
170	76	2.720147053778361	1090849213
39	10	2.554253939303219	1090884836
158	100	2.32776624656336	1091107830
165	83	3.4879110521539456	1091162331
62	99	5.0	1091307113
34	89	3.083805595114746	1091691546
105	20	3.957280404615241	1091745854
99	90	2.9739651573324197	1091790097
96	91	3.0479096671669197	1091905345
62	73	1.5217747506251897	1091928634
99	47	5.0	1092003877
130	60	2.9958201689923287	1092107817
79	81	4.737653757511998	1092228595
57	79	4.728980502489062	1092558022
91	1	4.511463035408356	1092637475
142	26	4.948499229892926	1092716804
117	62	4.052299937679523	1092965305
104	42	3.0467515909769864	1093111819
113	8	2.3951372069374797	1093212598
129	74	2.822435347664345	1093233740
3	29	4.181359510442948	1093374137
15	7	2.9985978531143633	1093514110
155	92	4.393697689389111	1093775983
99	84	2.1473297141564656	1093848395
141	10	4.062880860174355	1094021794
70	54	3.6594625068041293	1094336549
129	23	2.2414950893246655	1094472795
90	12	2.3623143295751836	1094502112
58	8	2.95044286409142	1094593103
46	12	5.0	1094663778
147	89	1.3466570801287556	1094716570
131	13	3.1779718455079418	1094775581
141	98	2.8756546102867757	1094975269
161	36	2.7162343344136035	1095262777
147	22	4.496118214911129	1095291318
100	51	4.16470274533311	1095383975
3	18	3.277279299223393	1095417696
117	88	3.88632331781156	1095885108
86	40	3.0903134073705028	1096150330
184	3	2.5521072827310136	1096431920
70	21	3.6235476959555823	1096726816
182	97	2.6270389095462994	1096776843
47	42	4.034629086122435	1096820281
189	22	3.3441018220633323	1097092686
9	42	2.2068584562413522	1097102990
107	29	2.984781606191757	1097226941
85	35	4.42427013953783	1097465930
94	93	3.263444712781054	1097615720
80	78	5.0	1097641502
124	4	3.996873590507597	1098211955
42	10	1.0	1098812905
41	44	4.87284847467653	1098870101
189	68	3.19151721154418	1098894610
153	79	1.0	1098941939
79	36	3.167139595617489	1099071653
148	17	3.6812511626020505	1099198273
29	73	2.066848185475288	1099375009
159	42	5.0	1099444527
32	57	2.2625733617774273	1099456368
166	19	3.811109991143195	1099509750
83	50	2.1328621935397543	1099551161
132	98	2.792374105177974	1099661661
169	6	1.9385067775581406	1100009828
50	96	3.682501030599213	1100079429
51	51	5.0	1100304601
65	88	4.3555556590207125	1100315947
91	98	2.2929783521427844	1100399387
113	89	3.8476764835383364	1100526247
176	61	2.229938911287968	1100583249
113	57	2.9444532205131333	1100979860
48	47	5.0	1101014722
8	76	3.1459592890589763	1101103138
55	68	4.381407528923571	1101120876
172	29	2.838017822203391	1101175062
145	35	4.192857584237437	1101318259
95	25	2.8952553354617874	1101422525
81	17	2.6232262187881554	1101461348
13	56	3.2819541046076264	1101464357
14	61	3.943002130447375	1101473936
151	89	3.6906355912650244	1101575110
125	98	5.0	1101634104
22	19	4.0913492417584	1101786563
25	90	2.4742473163597225	1101834972
68	41	2.2355015930450346	1101864488
12	47	2.7829838508720637	1101868599
90	89	3.734024454353148	1102014852
27	11	4.523709546106981	1102329258
104	42	1.72376476710168	1102406719
134	75	2.5298757396203566	1102464014
30	12	3.3832340842047532	1102466347
134	54	3.419121502134539	1102816463
61	95	4.369154592496897	1102818198
146	65	4.341983695452127	1103074703
50	89	3.262988029987372	1103285291
135	49	2.497782981073275	1103294477
96	77	3.2158449020712028	1103303610
108	68	2.5266211619729653	1103336909
188	14	3.2775251032217345	1103902577
152	5	2.850234773151733	1103939075
160	72	2.9024898053083583	1104038226
92	64	2.730003933802543	1104305668
70	7	3.7252641172475496	1104353064
