user_id,movie_id,rating,timestamp
6,96,4.752842634427484,1000009120
8,72,3.537937835447602,1000044788
116,30,3.5493083315202227,1000276663
89,88,3.84670997760492,1000438748
1,58,3.2941405691196595,1000632685
163,13,4.735811620006938,1000636611
58,66,2.573618870018461,1000698906
134,37,3.7439531979085,1000701391
37,5,2.506137325165146,1000773534
176,79,2.688999136371155,1000969638
32,88,3.578143062969648,1001140576
102,44,5.0,1001189117
44,45,3.3447409511752517,1001337714
168,1,4.206078913815132,1001512798
134,60,5.0,1001573505
153,10,2.666943942999241,1001761155
141,40,3.5006828189574826,1001920881
133,3,3.2640300127890285,1002200481
32,34,4.38750396741406,1002312188
32,6,3.18176247225738,1002343326
12,45,3.233347670765585,1002452406
146,51,1.481512135611362,1002655526
60,81,2.9425769468916787,1002727376
47,24,4.320344012612456,1002736222
109,22,2.6536840225342644,1002743283
47,39,2.200783636554176,1002782761
94,21,3.157450799142235,1003066082
114,14,4.0531491563792095,1003085135
47,50,1.4129729813979313,1003126722
178,97,3.6777501062680313,1003138162
107,2,2.219544428997533,1003168266
106,44,4.989863438602082,1003363524
123,14,2.491445315923792,1003402579
17,47,3.7577525401427514,1003944040
5,50,4.400398588395063,1003954902
93,11,2.173527871688917,1004257666
49,49,3.0848997110366305,1004322379
171,1,3.2529742992540034,1004419890
86,62,5.0,1004658180
99,37,3.34828556642277,1004904568
111,3,3.6847104747810833,1005053748
173,26,1.3943530581596757,1005102310
75,63,4.711943985386401,1005175505
21,97,4.101206748929115,1005838531
118,71,1.0,1005846003
15,55,4.102118320392483,1005969337
188,75,2.8701154476361896,1006008801
8,32,3.298508466052482,1006117620
150,13,2.8917734925552407,1006156890
62,35,4.021279905013815,1006170759
103,43,2.543563623181991,1006553421
166,46,4.501824853681937,1006632404
61,80,2.8914102767603,1007113864
113,86,3.451911492669228,1007114299
70,26,3.033504620771802,1007180461
152,95,4.193478911913994,1007220318
51,72,4.005965553455865,1007332171
167,21,3.835058029084117,1007490506
4,87,3.694842340270138,1008361291
7,77,1.4221881801438032,1008487296
120,24,3.106470144030271,1008637478
98,86,2.118955396846225,1008672583
127,94,3.72899639245934,1008715883
177,7,3.76477531097798,1008790615
147,17,4.053251219984784,1008802456
63,34,3.499686327388225,1008925079
154,35,5.0,1009240430
44,44,3.2401998592324874,1009328777
184,66,1.9542702133092669,1009850548
25,59,1.8619709425639832,1009989589
36,4,4.723083067095325,1010475916
126,29,4.730874513154735,1010482304
170,28,2.5993792653521317,1010612719
54,47,2.383475560051341,1010785061
97,49,5.0,1010806039
180,62,4.600821398422605,1010820265
153,28,5.0,1010916533
104,2,2.461456179156028,1011021351
108,48,3.302062271015318,1011356373
188,31,3.006877177600228,1011397925
150,78,3.8004743596108286,1011437951
19,60,2.757515767461616,1011483803
69,55,4.195202900083999,1011508953
84,1,4.218185725707935,1011570211
135,84,5.0,1011648251
38,19,2.5704891398075898,1011708150
4,2,4.964177238752438,1011804545
51,75,2.2476065555868807,1011859710
109,99,3.722289855800854,1012358738
27,30,4.50163182520856,1012419118
96,65,2.3488462634471308,1012567709
173,32,3.034194430881837,1012790420
61,69,3.228344889673947,1012879317
92,37,3.6034381293081066,1013180365
94,58,3.2168611032562326,1013326929
15,52,2.8230048615414685,1013432222
134,64,2.182868080053415,1013455438
84,59,3.179702195463358,1013637524
148,44,4.5294574815983575,1013686310
26,11,4.345157971184322,1013765779
48,88,2.6754858384723263,1013956406
33,86,4.000240469436569,1014246797
132,46,3.0632802639594043,1014325606
78,37,4.548707126416564,1014583951
103,21,3.863115627744524,1014652933
176,8,2.6681777917695557,1014723724
11,63,4.686734620177331,1014933265
82,60,2.320630878367383,1015130404
118,26,3.100100937868863,1015183873
70,48,3.022354417395994,1015305240
170,36,3.52538842054241,1015459600
153,73,2.763229864052378,1015553544
151,21,4.936335405705979,1015803872
145,66,1.109695632530562,1016035404
104,12,4.245005312877281,1016053727
122,70,3.0444604739761294,1016154080
29,65,3.3418461556276795,1016276534
125,63,3.935975389500046,1016316168
122,63,3.749308595641729,1016612804
8,26,1.5919978628766924,1016711273
97,62,2.771727797593387,1016834087
84,57,3.446095150994261,1017284016
50,67,4.210549102297786,1017462749
2,11,2.351205964841344,1017495636
181,73,4.669589992427774,1017766884
179,53,2.5319542414897547,1017975511
28,73,2.2888280707192186,1018062629
96,84,4.6059004243573085,1018151752
14,49,4.133326826071238,1018715957
185,79,4.83057490403904,1018784144
24,82,3.780636404490136,1018937660
175,5,4.103187431082343,1019318821
126,45,2.3828135382929974,1019530030
109,61,5.0,1019545593
126,58,2.6201856464979456,1019708655
182,22,3.98387665118804,1019830529
142,83,3.42433439567417,1020244844
111,21,4.475312458477979,1020350110
98,73,4.451449277058087,1020362720
58,78,3.1896922946150963,1020498561
123,76,4.512637409644071,1020717584
86,22,4.359587886979802,1020758539
127,42,4.189707805245194,1021253102
30,73,4.002784426895194,1021273026
15,77,3.486162253905763,1021378582
96,89,3.765878229652048,1021550668
160,55,2.888614752611372,1021584084
72,33,1.7687986965550746,1021652583
77,17,5.0,1022167720
32,46,3.720541427013867,1022341718
51,45,2.986786433528415,1022579583
60,80,3.237109170791732,1022952971
101,34,2.5953856250062337,1023033983
56,19,1.0,1023045214
122,37,5.0,1023093712
99,8,3.689706167610396,1023467854
54,28,2.649464721252956,1023511617
51,44,4.953260663321034,1023636677
150,28,4.362223511886977,1023668273
173,65,3.4260524343916074,1023823787
68,48,4.922369861698508,1023873655
93,82,3.704758882401784,1023913984
111,63,1.4349169537436794,1024046313
148,56,2.643501762590801,1024247052
72,28,5.0,1024416847
78,63,3.60575379127148,1024474449
5,55,4.219757942148182,1024725533
9,66,2.655058561406504,1024805576
56,4,4.432191564260385,1024864984
39,19,3.819651825918977,1024996866
100,92,1.8314007411218047,1025020106
127,82,4.09256727384733,1025542651
123,39,3.400905699758731,1025569754
69,91,2.3880329742258364,1025577668
150,93,2.841751587666152,1025653589
117,94,2.457955587756897,1025754630
13,70,3.086394466578356,1026218277
58,67,2.0230750724680986,1026412185
161,84,4.282130001531459,1026615536
46,82,2.127140548518936,1026686993
93,86,3.4624293550205185,1027001248
109,52,5.0,1027053873
64,71,3.4107658457785512,1027144273
59,17,3.4475955494225303,1027272120
115,89,1.7237536665335482,1027549646
172,43,4.091814133741378,1027965713
185,60,5.0,1028028915
13,85,3.757198970355928,1028157271
148,87,3.316803381279612,1028177411
51,56,2.610759171771676,1028268276
175,96,3.3487007797674777,1028389140
57,40,3.281346722564964,1028422614
189,40,3.6718393397935314,1028635585
74,47,4.013614464231097,1028881705
167,90,2.433765068100775,1028897651
118,92,2.3977078501635765,1028984780
29,46,3.648089419798276,1029120228
33,27,2.077025074738327,1029184625
39,30,2.486104047707462,1029235950
164,43,4.129529584221811,1029366672
120,36,3.272523740046592,1029384480
152,88,4.3868873900973,1029430637
13,2,3.9720022709192735,1030340597
140,27,4.082026567084727,1030355275
119,68,4.3901984111247865,1030648253
130,83,4.763706677654668,1031336392
140,25,2.874322712503788,1031493844
20,33,4.962195938717636,1031774767
39,86,4.67972520836071,1032123304
107,14,4.635620147182944,1032148489
49,58,3.1385372333060144,1032268003
160,20,3.742882013150275,1032382275
60,94,3.643048769878952,1032549788
153,2,2.161394200276751,1032716200
94,12,2.8877632654922496,1032759025
178,53,2.725385029981418,1032778674
150,41,2.3181258745791986,1032810247
178,19,4.1687416555925125,1032903035
10,17,2.346667596794255,1033038744
179,80,3.457176618688425,1033435518
57,55,3.595344199441308,1033685882
152,10,4.571543152234886,1033741781
158,30,3.3745457399971,1033776890
37,49,4.198828420202535,1034002662
66,88,2.563493625210404,1034020532
89,70,2.7878261358239564,1034108414
101,52,4.348430882205284,1034136729
159,17,2.9494480682915123,1034138532
173,87,5.0,1034157068
7,44,2.717996507488963,1034191178
147,71,3.695481731553291,1034230781
159,56,5.0,1034285985
161,64,3.437808983000689,1034723928
172,1,3.863631882624968,1034748111
25,99,2.534335196476792,1034813122
11,45,4.260846654311478,1034855325
79,46,2.716246478875572,1034877794
69,82,5.0,1035226815
162,61,3.324145595567929,1035414490
5,43,4.346770775216494,1035625496
97,51,1.8841132125895272,1035895989
161,14,4.737438134684139,1035929404
156,44,3.278486737047876,1036034735
75,69,3.0863843343703574,1036305418
8,34,3.85250496835688,1036318009
11,53,3.873348559711398,1036419646
27,63,2.776009668257391,1036478987
160,44,3.3491622884333045,1036614143
62,85,5.0,1036689460
101,61,2.771538378319657,1036748173
164,46,4.387655425873836,1036914461
163,11,2.282717307779521,1037302603
129,75,1.9357583882889489,1037338972
54,67,3.476447849125762,1037444643
158,39,3.6864161697440463,1037507605
4,49,3.946872500802698,1037567172
101,47,4.943632003468814,1037843201
59,67,3.357853463059454,1038780521
43,85,4.257495149337485,1038855089
117,19,3.20251779912615,1039047970
53,8,4.283589664798607,1039104250
179,64,2.747564762646965,1039428217
181,11,2.457422305329424,1039538858
75,45,3.993654847643151,1039563346
114,86,5.0,1039800891
14,5,3.9547409121411343,1039846017
168,36,4.82893331953541,1039870840
102,16,4.749504900706159,1039981176
54,49,3.276797745365195,1039993547
42,32,2.033214809384323,1040449350
122,26,1.203819046862762,1040476958
1,24,3.241145599630168,1040519521
164,2,4.197903272539028,1041411805
108,94,4.884532047593906,1041460075
9,30,4.49558151400203,1041517848
181,37,3.36993970644638,1041713913
97,27,3.407055793386412,1041840648
34,75,4.82579664754219,1041968089
82,29,2.9282539580439386,1042120632
167,41,3.503695671847847,1042214644
41,69,4.640149038521266,1042226864
16,28,5.0,1042463162
147,43,3.1793323744428084,1042536860
128,36,2.5516519957757997,1042756659
160,92,4.565171965714386,1042908414
99,7,2.803228181570425,1043158145
57,39,3.8308513046155777,1043219440
36,83,3.811308673442885,1043389429
160,14,3.318775826781897,1043615956
25,66,3.675536229578598,1043904426
1,33,2.910728348210694,1043908646
100,56,3.809998983165555,1044126291
76,83,4.432434870954667,1044157525
23,51,3.955904195170703,1044190623
26,30,2.970667887551629,1044191345
137,99,4.590980425185967,1044308210
148,10,3.086534838876724,1044338149
111,20,3.51961665769399,1044601922
105,24,3.5413256322706186,1044641823
153,98,2.242131844091112,1044970843
97,74,2.7782624466627466,1045194271
119,48,3.3500592809208904,1045402816
115,55,5.0,1045436022
62,62,4.876496450019538,1045595408
123,74,4.068103205128646,1045739065
177,46,3.313103841838015,1046157067
24,37,2.7619429163386084,1046295005
144,29,3.428400748141933,1046525131
103,48,3.645521197768241,1046642565
114,42,3.1294172375992173,1046651639
52,30,2.1489256337919787,1046679133
55,55,3.5452227089999826,1047082656
38,26,4.56977145498385,1047114572
179,10,3.779267838216526,1047297481
158,29,3.320906714983844,1047481683
86,87,3.269133626155231,1047626945
126,46,4.757149216862572,1047873690
73,31,1.0,1047935502
122,8,3.148078682183491,1048209378
58,84,2.5979484456424897,1048310765
48,18,3.5070631586281764,1048372447
5,2,5.0,1048441034
69,38,3.822974503617668,1048862791
117,31,2.7534216534597613,1049415648
23,98,3.920094490451841,1049502939
172,85,4.283390509282596,1049552321
29,23,2.971702953337021,1049677742
88,43,3.424048976357477,1049688751
135,13,3.799647687837348,1049834489
134,63,4.392597338299309,1050164647
67,39,3.7253079220409417,1050505698
113,69,4.538378851019317,1050633080
26,41,3.38687194748426,1050941478
137,72,3.820785725932684,1051214133
18,51,4.23463754545933,1051302891
189,51,3.893307050005324,1051360513
35,12,3.3606027993367658,1051611664
90,38,3.043879172525812,1051669737
26,92,3.172982682390229,1051747788
123,47,4.557368305378225,1052388330
104,96,3.925887206193036,1052551823
187,8,5.0,1052794221
39,14,4.394647187573872,1052912595
109,35,3.9492187212850345,1053030259
47,36,5.0,1053111725
160,13,3.349679539728128,1053360471
152,83,3.7965755451407617,1053445839
57,69,3.731445922525572,1053464770
130,39,3.76348721533106,1053604406
160,10,3.446879346982455,1053715659
122,9,4.138660168643103,1053808731
54,100,3.323225836884218,1053826022
154,22,4.521383295429398,1054166182
95,84,3.2001618037251194,1054185833
93,36,3.879639648385965,1054677919
3,33,2.3804538716168318,1054808207
22,2,2.6303369187253054,1054911841
84,48,3.09296368707322,1054928305
112,28,2.5922438198530795,1054954844
14,55,4.073744421004413,1054983500
90,91,2.671803727034765,1055682614
159,46,2.2064923747959044,1055828090
27,89,2.5781401868746867,1056022414
37,1,2.136825995407189,1056087251
25,18,2.480335661307884,1056212880
171,33,5.0,1056695835
74,19,4.98911310832829,1057114496
55,39,3.084786232094729,1057266933
25,44,3.288333018068823,1057273006
90,28,1.9821262533191903,1057373012
103,14,1.371265905585188,1057470764
160,26,3.2484611139555044,1057954194
91,47,2.914072326682245,1057982229
55,51,5.0,1058021394
35,45,4.774875041278722,1058047320
62,30,4.25109945450731,1058269950
8,96,3.0127970788050726,1058492278
128,1,5.0,1058510101
64,75,1.888432640897172,1058562813
28,97,3.676820872139398,1058753154
58,42,3.3256457420971643,1058789223
122,96,3.0191662104880206,1058834031
52,38,3.963206292099123,1058861250
104,27,4.437915537510655,1059103949
147,86,4.196167997159289,1059183340
111,64,3.1024422345082785,1059594961
157,6,4.910459145203504,1059690654
188,66,4.138391925608383,1059771065
63,12,3.5347137487525617,1059980870
8,58,4.795871781863014,1060111254
88,16,4.730222175650788,1060207363
15,35,3.1713815242510157,1060279465
123,13,3.908607307701768,1060287721
174,57,4.790644460922547,1060310012
177,31,3.9631847952675847,1060498643
84,80,5.0,1060589719
173,97,5.0,1060800695
139,48,1.996919698240182,1060954813
12,95,2.5150068741829847,1061037316
160,56,3.928186247810576,1061423937
115,24,2.975551863737348,1061551595
163,20,4.372197000072978,1061648185
4,82,2.6760645130280003,1062084510
38,37,1.3792998473649338,1062116171
108,30,3.2202398315041654,1062288846
117,46,4.449594571364488,1062369407
121,46,2.9901933068091173,1062551910
127,78,3.9726303458434056,1062590696
179,59,3.084033072052641,1062667136
62,64,4.290625599162769,1062911677
167,11,3.308972237399831,1062913924
163,56,3.506799844559998,1063267919
81,35,2.412754061137197,1063370860
33,26,4.478422112028035,1063734714
51,60,2.849976065593102,1064203077
28,38,1.2881380886704932,1064316400
186,21,3.200323351993213,1064357477
144,5,1.9351972286379449,1064492368
59,42,3.6904238899250577,1064575482
1,66,5.0,1064820989
41,98,1.0,1065013920
187,80,4.530580585624057,1065587881
99,5,3.6972922656312064,1065700844
119,81,3.5866976994143966,1065947044
59,59,3.46771938895053,1066025590
7,88,3.29747577293517,1066182181
113,49,2.8242919208383883,1066214142
9,16,2.223695583461664,1066219321
89,98,2.603357772684792,1066300550
81,49,3.4641744212935373,1066320165
65,82,3.9998641237403714,1066347862
162,89,3.991207665411996,1066480920
84,64,1.9828263033283209,1067194706
21,19,3.707267329398944,1067205061
82,64,5.0,1067410252
149,4,3.996199187363316,1067658659
63,76,4.38233306232341,1067766433
139,75,2.8779651944456184,1067802499
165,81,5.0,1067810999
131,35,2.3261200355910274,1067887729
151,91,3.919609972024118,1068157071
164,42,3.1307228607537967,1068620061
17,27,2.7044429320591177,1068826026
132,81,3.3053027038833185,1068865769
90,2,4.841475915530881,1069070239
176,45,3.827821172843085,1069279962
74,90,3.3396399189551693,1069698556
71,35,3.497596159081146,1069731035
103,99,2.056145183866458,1069877711
98,85,2.6950335191474397,1069879656
186,92,4.095029465835565,1070226730
161,85,4.032006198821943,1070468429
72,38,2.4759714091136207,1070565348
141,4,4.328229690184623,1070578397
189,20,2.68759765106258,1070681622
166,14,3.4227789547769545,1070683399
78,40,2.683782755458035,1070780289
68,92,4.001782736167545,1070810936
12,3,1.2531106660153948,1070962375
12,21,5.0,1071055592
35,68,3.8498000245679074,1071188485
113,99,2.0944329808213578,1071265436
118,17,3.696131459023907,1071278270
136,96,3.6814266201139714,1071316169
143,62,3.712739775857661,1071519596
61,10,1.8605158374745656,1071749669
112,84,3.558984221589597,1071854804
162,30,3.712574030632215,1071870458
134,8,3.860647891435795,1072110595
53,21,1.9833574505792089,1072196354
178,54,2.180752805401233,1072623792
142,23,2.5903165830181663,1072630013
80,68,2.807749670734104,1072653145
104,97,3.265592199683678,1072782907
141,66,4.192855755817812,1072840959
3,34,2.1331416367191736,1073308321
126,41,2.150423788448468,1073426182
146,92,5.0,1073584234
59,89,5.0,1073822441
59,8,4.0222506360177785,1074338652
113,90,4.179373282956504,1074349619
146,29,4.302128458618119,1074399674
92,4,2.8960193740307707,1074550575
51,11,3.867619840209711,1074611746
147,21,3.8278795241593575,1075149615
131,14,3.82674476460232,1075200484
6,39,3.678694716810476,1075220172
76,85,3.141970620253014,1075269524
157,33,5.0,1075479127
143,20,2.9835703561124283,1075726195
157,72,2.975337592933197,1076052864
75,41,2.7905589975724534,1076073192
33,95,3.436475425384645,1076210009
99,77,3.4565230501861377,1076269493
56,73,1.3229349535571453,1076275680
46,13,4.037629902949879,1076285399
87,57,2.0944369461437136,1076307584
75,66,3.211961126077924,1076369226
89,91,3.359624941094664,1076965595
16,51,3.979441518086064,1077141201
39,51,2.399845767028305,1077501770
21,9,3.1402313542109144,1077788977
28,8,2.573301691152689,1077903587
68,49,2.975432986232949,1077922368
12,54,3.824057028221561,1078037449
186,11,4.195402474550299,1078121991
132,5,3.2125524805996446,1078168818
123,28,3.585318142565024,1078276538
75,74,3.670463770996571,1078584794
154,92,4.098794389561911,1078799295
156,47,5.0,1078888884
130,30,3.35297457656915,1079493767
142,90,2.2067270421288363,1079586321
150,87,2.127534452115899,1079649430
95,36,3.3244360545007847,1079660626
60,11,4.15497558422169,1080067491
139,100,3.3141542478072528,1080211970
107,40,3.3605537243190007,1080243312
158,45,2.607212484508116,1080454026
88,100,2.279287574085841,1080566761
144,37,4.551947617722918,1080584931
43,73,2.5838080845187577,1080633555
101,46,2.2609472974733578,1080765771
126,36,3.718534042410946,1080819376
95,78,3.2706092559319724,1081136423
51,69,2.718843621868886,1081423568
137,75,3.925843658629829,1081523125
185,89,3.8174532612501753,1081601468
60,60,3.5759552679160875,1082129871
67,63,4.276027913843476,1082266872
58,60,5.0,1082298269
29,64,2.358991490247262,1082433161
188,64,2.484121173010021,1082525115
175,19,5.0,1082597674
12,61,5.0,1082697837
92,31,5.0,1082831421
84,56,3.908652811480671,1082862104
163,95,5.0,1083395738
23,63,2.2715561687342376,1083524091
39,47,1.9624152035508249,1083655410
49,43,4.178946987762233,1083749639
140,23,4.050797572273663,1083988884
187,45,4.082737583173865,1084183685
72,23,2.076042847549855,1084214192
183,14,4.392953870108769,1084267756
41,60,2.903025713278926,1084301016
151,84,3.9914294527202,1084466855
115,25,4.221135362545581,1084486529
100,4,2.408066099604687,1084683449
93,87,3.8216785413765,1084933591
147,49,4.840461051790348,1084961404
170,70,2.784240010889248,1085198956
12,24,2.6096821519801283,1085836580
151,90,2.2077373048943816,1086061205
148,7,2.63722423595688,1086157916
103,58,2.88234810456565,1086168124
157,20,4.015628088443957,1086238807
64,51,3.138689438032709,1086259894
118,55,2.230669503453301,1086277058
135,5,4.242682418359722,1086550783
12,12,3.117182810387032,1086578999
144,50,4.183328992811069,1086581047
25,14,3.591752484448373,1086593012
46,10,4.547317706621448,1086970307
161,28,3.095602576816039,1087165053
115,41,4.389037122279892,1087261936
188,21,3.002429161614793,1087262678
23,79,2.652366071380915,1087400077
185,24,2.8684222708346687,1087406878
132,47,3.550887701856018,1087734316
92,3,2.714013967365018,1087966914
63,10,3.4511028165258946,1088178873
130,99,4.166312500909212,1088309334
128,80,3.451347648429549,1088332489
29,47,3.6261779036619672,1088367156
1,2,2.581313488513905,1088876166
165,22,2.697175556049157,1089320299
148,80,3.997743089091394,1089437837
95,8,1.8433767923222264,1089552106
51,58,4.00826863967459,1089635323
115,71,1.902400830404568,1089639532
38,57,1.630183660467836,1089809743
95,96,2.782081109252398,1089861180
59,13,3.777358461964676,1090080706
183,66,5.0,1090346229
148,8,5.0,1090370203
49,17,2.310588107132672,1090743014
170,76,2.720147053778361,1090849213
39,10,2.554253939303219,1090884836
158,100,2.32776624656336,1091107830
165,83,3.4879110521539456,1091162331
62,99,5.0,1091307113
34,89,3.083805595114746,1091691546
105,20,3.957280404615241,1091745854
99,90,2.97396515733242,1091790097
96,91,3.04790966716692,1091905345
62,73,1.5217747506251895,1091928634
99,47,5.0,1092003877
130,60,2.9958201689923287,1092107817
79,81,4.737653757511998,1092228595
57,79,4.728980502489062,1092558022
91,1,4.511463035408356,1092637475
142,26,4.948499229892926,1092716804
117,62,4.052299937679523,1092965305
113,8,2.39513720693748,1093212598
129,74,2.822435347664345,1093233740
3,29,4.181359510442948,1093374137
15,7,2.9985978531143638,1093514110
155,92,4.393697689389111,1093775983
99,84,2.1473297141564656,1093848395
141,10,4.062880860174355,1094021794
70,54,3.659462506804129,1094336549
129,23,2.241495089324665,1094472795
90,12,2.362314329575184,1094502112
58,8,2.95044286409142,1094593103
46,12,5.0,1094663778
147,89,1.3466570801287556,1094716570
131,13,3.1779718455079418,1094775581
141,98,2.875654610286776,1094975269
161,36,2.7162343344136035,1095262777
147,22,4.496118214911129,1095291318
100,51,4.16470274533311,1095383975
3,18,3.277279299223393,1095417696
117,88,3.88632331781156,1095885108
86,40,3.0903134073705028,1096150330
184,3,2.5521072827310136,1096431920
70,21,3.6235476959555823,1096726816
182,97,2.6270389095463,1096776843
47,42,4.034629086122435,1096820281
189,22,3.3441018220633323,1097092686
9,42,2.206858456241352,1097102990
107,29,2.984781606191757,1097226941
85,35,4.42427013953783,1097465930
94,93,3.263444712781054,1097615720
80,78,5.0,1097641502
124,4,3.996873590507597,1098211955
42,10,1.0,1098812905
41,44,4.87284847467653,1098870101
189,68,3.19151721154418,1098894610
153,79,1.0,1098941939
79,36,3.167139595617489,1099071653
148,17,3.6812511626020505,1099198273
29,73,2.066848185475288,1099375009
159,42,5.0,1099444527
32,57,2.2625733617774277,1099456368
166,19,3.811109991143195,1099509750
83,50,2.1328621935397543,1099551161
132,98,2.792374105177974,1099661661
169,6,1.9385067775581408,1100009828
50,96,3.682501030599213,1100079429
51,51,5.0,1100304601
65,88,4.3555556590207125,1100315947
91,98,2.2929783521427844,1100399387
113,89,3.847676483538336,1100526247
176,61,2.229938911287968,1100583249
113,57,2.9444532205131333,1100979860
48,47,5.0,1101014722
8,76,3.1459592890589763,1101103138
55,68,4.381407528923571,1101120876
172,29,2.838017822203391,1101175062
145,35,4.192857584237437,1101318259
95,25,2.895255335461788,1101422525
81,17,2.6232262187881554,1101461348
13,56,3.2819541046076264,1101464357
14,61,3.943002130447375,1101473936
151,89,3.690635591265024,1101575110
125,98,5.0,1101634104
22,19,4.0913492417584,1101786563
25,90,2.4742473163597225,1101834972
68,41,2.2355015930450346,1101864488
12,47,2.782983850872064,1101868599
90,89,3.734024454353148,1102014852
27,11,4.523709546106981,1102329258
104,42,1.72376476710168,1102406719
134,75,2.5298757396203566,1102464014
30,12,3.383234084204753,1102466347
134,54,3.419121502134539,1102816463
61,95,4.369154592496897,1102818198
146,65,4.341983695452127,1103074703
50,89,3.262988029987372,1103285291
135,49,2.497782981073275,1103294477
96,77,3.2158449020712028,1103303610
108,68,2.5266211619729653,1103336909
188,14,3.2775251032217345,1103902577
152,5,2.850234773151733,1103939075
160,72,2.9024898053083583,1104038226
92,64,2.730003933802543,1104305668
70,7,3.7252641172475496,1104353064
